900 80
8873
49909
49959
10499
48037
18809
57754
86249
83304
33334
32134
21649
72891
99755
17568
51747
90369
19530
14501
38047
73789
49798
66250
86991
73304
3034
5364
12498
10254
94893
47687
19126
61153
13997
45976
9189
49158
3730
95437
32461
53415
43922
70461
26305
60029
88028
78051
66749
7557
8903
4795
97698
58700
71044
1040
32003
90429
6404
44501
682
17648
8539
36160
95152
22536
82135
4340
71693
2216
16128
20505
55630
60050
90965
98286
36430
95344
76336
3178
2901
85239
7972
16950
60290
95368
17989
92293
85796
40744
53145
2830
58391
61683
55341
53542
570
53827
74233
72262
56043
90361
9118
28024
66762
82
26310
3191
95426
18997
6368
14678
4235
30691
31627
64525
26058
49615
73169
28206
90359
26313
47387
65101
4347
2727
34995
4917
56553
25579
93530
28947
32291
2648
56971
99052
19081
99632
18594
30858
18628
41313
61887
39215
88356
93513
20091
14413
59480
9611
58970
66190
52275
6356
47642
56621
25434
98988
77889
98339
24567
87771
27285
56857
90418
607
72261
25850
238
7206
73060
35218
48519
34946
90784
36874
28459
10874
67638
4290
20484
26608
70479
72758
49315
34472
45730
91101
33460
23619
89439
58026
11389
33075
31234
18158
33682
3494
60359
50271
10700
33418
1840
75570
68364
92623
28795
13174
19848
96432
17463
56683
39391
4293
45792
5058
55116
91522
96158
88575
31492
1948
62952
59232
35022
10538
93741
85055
14031
54099
35326
41082
87517
53517
33003
72232
46140
61797
85405
82339
74581
19219
39022
13971
39863
84813
35380
94978
92686
31537
99905
24177
33484
79208
99760
84858
89745
93500
69912
20128
63951
5237
77561
67819
75106
10564
40050
21245
88712
41806
19935
63292
77376
58956
93615
33590
43769
28994
44919
52806
76883
44823
76983
26718
24031
93094
11575
30127
86594
81487
50254
50544
3075
27815
34714
78180
38378
74763
15776
27089
32920
35711
6733
10295
11018
347
60236
71138
45692
5154
23944
22574
66329
926
49292
6711
94019
77218
36837
96964
75056
87091
63859
78131
14905
98572
72662
69634
89686
4790
13074
22605
56852
19806
49251
67869
36504
9486
39007
82196
14640
62950
21121
80968
80227
86764
87678
90597
63982
40866
87561
39037
27956
67771
33519
59212
66343
22533
45197
72380
27322
58271
94985
84173
94428
44235
52041
47284
70073
7399
45831
1064
70348
66951
82031
50574
53715
86060
57523
34048
26925
45083
89436
71233
29205
22955
30444
11899
45487
75641
84279
89160
50263
79263
89684
61042
39849
41724
8325
26273
49123
54155
27336
35822
37458
9366
2748
91172
11777
60270
25219
38702
21704
14654
9934
50908
53960
56729
62807
15798
48721
47085
21309
15335
42699
10992
76377
98899
52716
1053
25172
18190
71560
52507
54011
9017
78225
73110
16540
90001
33379
58110
45054
55082
89115
71339
5990
59427
28068
85148
75224
76788
32232
96533
92123
91282
23876
84851
90180
76591
2255
15351
11132
73814
67858
81495
99182
46082
54604
15721
52434
87983
90182
97488
59416
79297
68826
65405
38723
96893
50552
30298
90033
99135
43182
98507
90416
67058
99709
80596
60000
1963
12298
87484
75777
80155
68978
91310
42588
39933
23383
95022
44267
13564
8861
3683
9212
77686
69087
64286
90931
35991
94584
97315
51477
54117
95821
41893
37526
95529
38840
97526
97491
51137
1361
89619
47644
70338
80929
6583
26622
4311
17956
70889
34226
26816
74571
43438
20854
60009
7723
11784
12351
18658
9098
63828
89127
21270
22072
26652
33150
60911
40529
30640
28399
41889
36611
92394
28578
33891
98977
55200
54553
16932
26088
88778
60100
658
48567
80953
77018
72642
92736
89369
91299
18185
53196
96777
55806
75267
23429
88955
52529
80309
19594
97279
22198
72556
89673
50775
6446
5001
22326
60998
38284
48413
66128
98383
65422
14694
79335
42440
87335
88422
48160
94986
22958
1355
91762
78763
92973
31542
67717
61853
11851
3663
75483
50400
76218
65155
1174
99016
86507
39852
76365
24791
88264
42492
23173
70038
73538
18860
28829
60872
7281
76988
55857
46591
78342
63971
25353
87666
95512
93070
49518
7362
13084
41352
74113
89301
6507
91639
4668
9365
31490
81033
34155
36105
39876
73680
6142
13413
92539
34970
90637
16171
11957
62845
62761
6650
26815
4466
94315
22327
13887
60184
46040
26970
1536
20153
32622
24394
11791
37290
50110
59632
34674
84265
95736
74549
74296
1878
4314
66834
53199
94950
99356
65156
57794
78469
88157
961
82934
98824
23287
13172
75359
85678
40141
93246
22182
72762
33991
50324
10051
84101
9955
61076
68365
22043
35625
42660
23920
56290
25845
93470
51239
41552
74977
25384
20020
63134
26344
19305
61957
65982
32476
53667
68012
88968
46913
90193
61730
80903
56869
88132
65003
83175
49208
49719
5217
1184
92378
45488
57473
34574
38958
25063
76126
13934
66798
12497
93419
93142
48154
71727
75475
96981
25394
43486
85949
72306
50031
64030
69560
6899
52161
34563
6425
17720
84281
11642
18903
93011
73481
92727
27584
28790
34141
3709
42724
939
32558
52494
10432
80711
24221
85906
77691
49614
29392
63639
38271
79422
27668
7830
2672
96181
58744
9096
13900
43025
37089
49155
52387
10570
58233
79970
55711
92374
31
98434
9664
32588
67280
20095
29650
91500
22352
7340
57465
51743
87331
12087
47516
31350
19916
50187
43882
95012
75635
74134
54388
12723
23288
6774
39644
81520
86743
95355
90245
3125
10140
16260
52064
77419
36354
81713
85270
58706
5405
42734
26800
92735
54820
74316
40436
91088
40854
670
2451
16488
74803
56838
45563
98090
63611
85206
95961
66705
96912
2558
69830
23404
18817
21893
822
71523
3606
2444
46580
25362
61529
73379
34448
32701
64046
74883
23788
4900
75552
