2500 177
55433
51328
30431
74968
91467
64038
89305
43634
51572
42293
91795
75618
62276
39256
49639
33401
708
69148
65574
44778
29158
2160
94894
10993
67851
6458
86979
53903
99961
25348
22432
71745
93027
52862
46712
84493
16899
52369
44478
84822
94661
36272
76791
73288
91880
42781
6688
92587
28280
88614
37364
57437
7125
48610
68429
74975
55067
71760
45230
55028
13459
67661
26772
6485
36874
89836
7330
70125
42204
68159
54946
53216
20783
48089
26504
12662
90869
49543
5248
35501
38156
58963
92937
61632
7572
77718
52959
62639
49477
98188
34018
62935
82200
77141
85771
19073
83328
9452
89197
41883
77611
60495
95099
98393
8583
37954
11054
15803
3848
32653
67655
58356
91615
60592
19987
15539
54661
72945
94529
20489
87484
28546
83423
86035
22038
85545
5108
5366
94997
10656
47248
72607
71150
58698
87351
96084
13003
98404
28239
16851
31056
95893
75206
39022
72836
95192
70912
27496
84489
65440
47984
88324
10337
47758
74359
48727
33303
79466
54092
44651
90121
17691
33609
77623
76389
20959
90058
89391
19362
18296
6241
66769
30541
97798
22142
3376
9342
93054
47224
93830
74845
11559
82153
1534
59317
56511
50260
8971
52328
4351
69973
58801
22041
3581
52775
14781
24539
42832
4172
43900
77480
26764
27020
8020
24562
65513
27747
50255
74918
74970
44084
49763
86529
42588
51296
62197
15451
1555
71167
84130
22257
41139
42930
44297
44719
12056
75430
85609
54888
79601
29508
48719
22716
72879
56738
63629
38391
836
13883
13309
75806
74318
79423
78686
33258
47070
40882
48708
48624
28400
32837
70880
85890
92119
31528
30608
4174
6957
16216
75413
2909
62075
24131
41977
51305
97220
21957
6047
98056
35840
35707
90213
26509
15129
68898
59766
62198
26131
8473
27173
54530
57662
14404
40419
66132
62284
87378
86657
85592
19945
62070
4853
98371
2552
46829
66027
16124
68785
72073
30531
20976
7780
37095
47485
39260
5992
7250
17810
48474
32075
44982
3003
89736
75738
59773
55867
38021
63502
58875
23612
83446
20944
44816
98168
39848
91644
64194
72323
76781
52618
19205
14108
60397
56299
61592
16009
62290
85194
33818
10763
17268
95151
30117
23355
70888
6241
95573
25260
69742
54447
65224
69539
91743
10039
67706
31590
1683
48251
20264
94815
868
39468
8922
77617
95766
86866
93625
74407
72059
27442
1521
89326
22592
47989
12680
9832
54229
8252
35091
23970
62698
314
9860
70792
10353
93917
18733
28387
42167
38996
23201
59386
94815
48474
37002
90580
35339
46978
81338
7397
74419
82858
13074
13363
30846
42105
23194
1426
66708
74636
41747
29406
74950
51606
16549
1654
61874
35282
30040
4040
74277
69592
79778
69092
18065
33131
76023
69756
80109
57361
77152
54527
56570
6578
84241
87416
48682
7434
5193
15390
82070
46940
61147
73371
14897
77695
75024
76771
12976
21415
97162
3605
91006
76939
72696
25422
10070
65070
95177
90178
22430
88681
61056
79000
95258
45297
82767
43939
69082
87959
75680
67503
51250
36826
57225
66147
30873
32248
42917
43848
53662
40078
47452
61019
17017
36499
86441
43438
1569
81617
49967
40350
70297
11022
19349
81906
72670
18467
42197
41752
22778
17876
25606
74027
71054
82831
40173
1926
31430
83089
45773
1444
39519
9577
62462
72887
62427
48902
16324
63995
46871
66290
20697
33519
93663
56397
15425
66333
74864
57621
24436
97641
91848
66393
88019
62901
49223
44544
64826
97005
43984
26951
98448
83502
52879
60909
56388
15305
26163
89063
95652
73033
55352
16348
22903
65367
72744
38327
48051
63959
12299
88838
77951
20499
55230
65970
83399
20805
10513
64577
17809
70848
7879
16256
54350
77109
77164
10737
8765
19678
16152
4416
92710
87855
37115
15613
53221
26211
70291
1271
90169
98942
90108
84472
19440
61690
50441
19190
82494
77305
118
16654
48152
24348
32909
18853
1456
26424
45942
26573
46102
62093
47340
55163
49947
84455
87127
19520
27017
73770
20790
17185
72711
27250
1656
8502
5291
68448
44043
87784
62104
60513
20789
26608
1212
53697
61812
19020
96472
7753
45592
58925
86197
92931
14088
36144
93737
17566
55663
20753
91335
92804
54290
80397
36405
72297
88898
41695
57097
49293
45830
19200
26157
66618
62159
27368
36666
40323
46387
33138
48075
91978
92062
34272
84909
22501
86767
94997
40067
58781
15750
31401
67936
70039
11798
4341
42335
17047
62387
99431
82691
8217
34983
8847
91186
13493
36215
27852
53815
98953
77341
18242
90931
85754
68865
92191
8255
55631
87187
64673
30763
19288
96073
98698
89326
24222
19390
31661
57621
81777
47443
40311
89993
82425
65510
97530
12270
18076
25381
66084
17028
2721
84325
24310
88475
53189
16500
13081
25171
20039
77753
55933
39326
90177
70983
28652
14399
90372
76664
88371
72148
40458
45033
78492
39235
10542
76022
51504
28617
17754
33939
61997
36827
18264
86306
41653
87804
19158
54733
29327
39196
48837
85259
78521
39013
72593
23524
69763
62965
16539
58133
51464
73349
3166
46308
12583
30059
22329
80438
75028
56434
14376
37024
93260
48991
23329
34912
53147
42486
5996
82473
98033
54832
84083
92906
10197
56676
16429
79959
19640
49320
54444
87455
22668
73961
33762
51602
20371
72442
32039
95398
28876
46414
32421
38487
11757
72102
73399
64903
30939
95746
47375
45324
66930
31457
38229
77126
88132
71009
73436
24123
36680
44231
11578
59347
18191
61691
10948
54914
34133
59338
50311
63008
5752
99084
1494
17508
87537
91244
82410
34827
86990
46136
80150
53919
77592
18378
47396
65724
5739
20831
6198
42418
81414
17775
18117
15956
79466
45416
70869
29950
4754
21180
92957
26857
36615
10802
60716
24151
18398
59477
58977
21739
5612
39127
92009
83203
73856
39404
65278
79594
76586
71476
22012
57999
5602
40128
90307
1419
85543
61175
31368
6648
82354
24324
33504
18968
51478
94219
59470
86227
53695
18447
7965
59306
73925
99973
58861
47780
55728
24138
43726
48665
11965
65737
23016
17567
22216
13322
18985
24110
74496
50353
30758
73202
91028
64261
8521
58857
74832
67991
45083
28526
2789
53047
4184
76713
69371
63044
24492
41450
3533
68217
6467
15498
50305
29482
33064
88872
59155
68400
12982
50002
18752
60091
23203
26132
40703
48076
84988
15534
16066
30071
60412
35206
99469
80947
11918
85192
43990
52761
42993
63874
37330
49459
79371
87634
95292
28786
92858
70798
13538
22191
20800
32289
82281
60354
74772
39335
8429
59760
71221
40846
6182
47984
76051
22002
28930
4320
7193
89271
57081
66538
53144
94410
32348
48867
98395
27640
94004
7604
14789
7541
29794
35588
56182
28426
95942
30953
84113
20722
7064
55333
61568
13245
3316
53970
35247
32245
58290
58791
21515
31722
25328
91010
26131
57676
39876
40877
1667
50232
48481
16455
57772
94626
52043
30305
39404
64336
61258
23516
85057
84673
78848
62976
97918
98515
16946
33164
30759
91587
91954
68625
23308
17282
59634
65790
91309
15862
23018
92975
66093
87850
9429
40216
82476
77823
86873
38231
42158
64482
61746
43567
49154
40593
6542
47071
55459
39839
96586
86217
31425
88540
71193
71084
22173
47178
36873
29833
63039
76243
22807
45483
64092
48587
2051
62919
26410
88923
1149
84919
69756
79246
28485
18909
36190
51379
65980
91648
91217
62565
94216
38994
67456
65408
10077
5980
12586
63302
35812
91976
55896
74970
53811
19987
23557
72213
99258
66318
77487
16758
51236
47242
96004
96073
66150
32193
47451
48481
23841
55019
27398
18056
94012
11205
99816
20441
17185
12401
94
69348
20728
55989
44318
74538
75975
67874
63102
91584
34191
40588
8342
1778
87829
20697
14202
70331
52889
78004
18811
93081
33023
62560
11137
43386
73765
27304
80178
7301
56056
80271
76648
76783
36259
20965
67673
28586
88838
30774
20169
39380
71362
44862
57510
59190
65558
71711
29520
18447
66067
64683
27879
99089
27242
55367
58826
17358
82670
39004
24658
38725
35626
1306
15508
71885
22270
99532
470
27460
30305
36990
83191
1666
81852
57052
77208
47409
28763
23079
82207
94829
87761
10086
10269
31355
65452
85446
48712
48122
40801
73370
86846
76427
91027
18705
64663
13296
18236
65132
57107
48541
2121
56650
66558
324
13701
60117
47733
58815
83196
46291
53643
87308
56376
80263
35014
38180
82061
78
86301
22861
73447
89498
15639
80825
24555
80301
10472
42790
45432
67579
7682
63905
40580
90592
64228
54280
50708
28312
13095
50255
74603
83089
53915
47330
79704
5280
85509
61764
5357
88161
976
95155
94011
16615
75979
18565
96915
86451
61354
58699
70381
85388
38955
10960
75979
19534
65239
43038
47846
94685
9645
38800
77774
63559
86129
73829
68838
87990
35592
90547
76150
52919
85701
70160
69533
61680
88724
82800
48130
66430
41498
18510
51817
96804
45821
44147
16337
11059
87184
80534
22096
96828
19333
16221
76738
21814
90049
61928
9803
41992
52474
2304
94910
54526
72464
64443
16205
77539
63594
80686
60320
21443
15547
28488
18246
61367
72634
34582
88778
76170
15116
10873
89349
50800
27093
82439
72613
17141
44366
82415
59132
13191
1071
70393
67716
73534
51187
273
67424
14780
80958
44096
36222
96505
72583
70819
74223
61569
21753
63000
54090
53220
73872
59790
4019
17316
42228
92984
34456
2945
91750
9939
16135
92820
96684
203
82705
47870
475
50129
62650
97784
94224
15223
10640
83158
2394
84863
44726
24146
64214
15167
77365
54438
74957
97735
71753
17184
90718
22561
36481
82468
48851
68967
75287
45534
69169
57992
93404
85995
24472
72405
83779
35047
3979
94418
34556
6372
79280
95634
46869
43494
10800
40585
14283
85756
38320
86035
19292
45389
8595
55772
44208
73798
41090
19495
19331
10259
93838
29086
12605
34661
1490
96383
86059
21821
90801
20614
28192
86432
16247
91413
46277
27047
31997
60559
29154
86668
62946
48445
32057
87892
20568
76264
61689
78010
12110
81020
4620
22299
26457
17224
56959
44299
13607
43017
66119
20759
79983
10662
23542
96229
2074
69819
39627
34071
46729
68781
20738
9674
33577
69146
97566
70497
45410
59254
48506
73871
56625
53125
96170
99434
70348
53128
43732
306
12497
9850
21064
92479
20511
60958
5059
38937
30776
44686
89359
77504
13466
26448
3530
47042
95594
1095
17538
57355
76700
82395
31225
49677
35519
43746
49110
22219
13226
9193
22524
25722
19042
59940
34552
55904
20897
39610
11192
68024
84295
550
61879
14112
26998
81760
61154
22591
82854
95043
96297
75906
93790
43873
41934
29308
87619
7395
67878
844
16587
6754
42917
51980
66693
77468
7883
3941
33429
19075
88316
17724
35976
66546
31835
62973
48306
9340
1915
47511
20735
98211
23416
14524
58436
81701
60183
46054
89095
28061
46897
22033
34814
89813
74012
17858
83632
81895
38150
17060
17321
42817
51135
53296
9362
99322
32621
57667
25013
50887
5178
45747
65450
44945
76622
23885
26646
53157
69938
32092
81217
33186
54125
32382
39350
44488
66591
22981
26382
21092
56392
60054
63908
7527
29702
73269
6848
78674
47288
48212
29560
52465
10311
95009
13761
86932
35245
56758
40088
21534
88850
37656
54719
59326
86389
94068
3813
52979
33400
46547
74070
89792
22952
54329
13670
69005
27598
36869
47678
74885
85080
93590
43701
95390
4950
57461
98674
40195
14219
55113
61728
19420
9121
16447
95097
95509
26866
15261
64840
76618
61807
55261
66409
1111
9590
96430
70115
53539
33298
17793
44775
34729
11382
88475
30119
16331
62287
45144
72877
92857
256
34605
28628
25728
67403
40076
21237
10620
55337
2428
87237
33495
57688
53645
34605
67277
50074
4720
37167
99723
38864
81941
34452
66597
86767
80922
99279
65406
26065
72156
58262
42672
23112
3242
68400
90514
43317
5988
1133
15005
8415
4722
48500
66102
58366
99456
49731
24792
20527
86897
40866
59390
68838
75317
42338
55604
72590
41617
21009
15006
30124
95623
57678
69587
15216
42429
76452
74884
48416
77584
89889
56830
98657
54740
39283
57023
54195
89013
98166
74722
75910
55383
50463
44747
47052
92801
16702
19641
50769
54063
34647
97244
66037
8676
66830
97604
51104
43281
72487
99519
37216
78727
72700
35873
33466
11982
9247
87661
995
23764
62382
93256
79146
12844
54354
26197
21996
71055
62190
72764
41469
96836
86359
23857
5511
53188
21460
72966
96468
93947
72484
33684
72673
61535
85908
6139
73516
95154
10151
74510
18917
88884
67765
98062
18079
38470
40611
40075
9525
2800
29190
67345
99635
15549
91202
21497
68736
12661
94462
81556
22959
83297
31591
95632
44831
17498
18122
34698
12651
44624
25560
47919
33507
9676
62332
51585
48146
2942
8011
57670
5741
37201
41366
21727
69101
32567
59575
37836
45228
70388
35743
84538
53684
67333
80169
14866
84830
14642
49564
13832
59265
75123
61750
92771
1150
24082
60708
49295
27023
68718
23316
49116
5918
64682
87194
75018
97248
46769
29206
58827
17156
64948
43365
87192
48633
39885
2057
33462
70879
67972
63646
30143
59446
25395
39266
60596
65828
99973
9890
9203
68690
33206
58318
90960
97887
45511
82329
11486
8631
27886
86665
25787
9186
46381
12978
57818
86265
31386
7631
57143
15710
71276
3638
75155
13023
42903
52102
78850
59227
61992
88052
44268
11549
62721
35227
25787
24584
33908
37272
33214
61793
40288
75352
87330
86668
4681
45147
72933
36067
52778
46427
68128
40405
50064
43282
53427
9318
11736
48629
68544
90079
53032
12812
1627
32105
64390
27413
56688
98297
81036
6253
76442
37676
81605
63771
24343
86285
8918
97275
38703
78047
60054
6830
18451
10117
66464
88230
35787
78199
36858
4330
68277
89889
17141
86255
21993
81531
30019
95032
96179
27406
1285
72620
65081
99241
52743
89424
1877
61660
3050
56932
56058
63103
63761
90860
89572
46576
79089
25358
24774
15946
46039
9402
22187
79532
95656
60531
77414
25674
55563
73592
53080
73199
62564
18160
88791
15306
7583
90667
93317
26985
47598
49374
90087
27711
56585
96010
74286
35674
37719
15412
67971
83758
24813
6509
63289
20469
67040
40702
62494
38954
30645
31925
12152
9560
50085
17294
24865
74019
7960
34533
1003
71910
258
7442
99620
56843
19803
90257
92516
57522
5668
76838
57631
46833
83347
20919
83653
50386
77972
46146
5691
24968
78071
17842
34528
44507
51487
75744
34877
59446
10277
35880
47707
26886
59673
63678
83728
79475
70287
92595
53348
75954
69433
10978
39138
69131
48248
22790
19516
42571
85288
25206
67539
79710
59399
18418
24216
10885
10513
59092
86682
37141
11323
50741
64027
87347
14418
64106
66822
1056
56701
20169
77010
42485
47499
32499
11615
95746
55289
47482
38317
56928
89039
22207
36637
64789
56976
77204
92025
67488
52647
95058
4629
63970
45798
68655
67668
76568
49112
34489
77623
5812
71010
70984
64648
18508
3483
92614
30605
75123
40095
68921
48402
45485
7479
85038
10273
64454
78593
2297
31942
31239
97355
52922
11560
43152
37928
79228
36071
87039
30068
13694
9203
17429
1029
73850
35936
4511
82816
82893
95985
22910
68165
44386
84747
75644
45775
95019
56449
24367
97316
4742
71958
11022
57663
99869
70525
11942
79096
6596
98981
25516
36641
8183
42944
37669
98384
95232
58532
81199
78124
70868
20461
62640
15254
5207
38283
61028
225
94732
1747
13892
15825
73704
41265
73488
89924
11790
85429
85372
34737
761
10887
71377
8943
70182
25397
23679
81765
280
4877
76240
71148
25337
38880
2753
46895
77162
80132
47120
88245
81878
77363
4070
71933
18628
93909
61857
46769
95689
47228
81505
96450
74466
69233
21744
44647
10981
61774
26412
11261
66651
2651
98760
8339
41530
1512
55234
35044
97995
18705
39640
96225
12419
60061
68157
47398
53969
46365
94166
66010
9944
75670
62459
761
44902
554
61760
72235
62328
4523
99847
45330
23525
98606
70020
65055
16469
41605
16450
14463
76661
72441
10687
89080
32502
95196
36477
86470
57912
30643
68831
84208
22664
47641
84968
83918
48195
63079
56152
26874
67601
