3600 118
72203
91126
54603
58574
72532
87423
179
88981
18237
76839
61421
28924
65918
93922
40471
18747
96744
14734
65741
81926
98941
88404
29567
261
72321
94113
63339
44824
20986
30940
821
9540
38417
71775
68113
10948
59197
68291
99928
93786
61482
77700
39061
43751
87974
79531
62497
1069
10616
28237
82994
9557
32993
28912
26169
21665
23024
5859
66489
44009
53150
67309
69900
91566
55436
54365
2513
30984
22655
18792
24769
488
12844
63829
44239
817
59711
6735
18237
70327
51324
17582
96235
84316
46494
22403
5980
69517
28261
72468
29878
97763
56129
99777
89328
11564
54141
91841
58899
93148
10632
83668
93635
23475
47496
54225
40643
23559
60960
75231
93885
28635
92813
90119
12950
55658
28873
35281
25174
73485
24101
71403
71247
96581
87532
60575
24496
58024
68767
83394
67523
79398
67061
61158
19225
30909
15382
76219
54467
92693
51450
64703
21327
60614
71173
50628
16271
45
2261
57796
73529
26361
45551
61128
22941
33082
38054
63788
91105
6820
47181
58628
2569
30594
36137
38145
77854
67870
14364
48672
76915
82165
13374
14593
59130
84546
65221
91752
942
67481
65899
90822
10193
11449
51949
49485
44530
90002
13272
51987
13173
76804
26966
15742
7397
79454
53886
85250
63675
84601
50273
40589
66765
63646
55182
25894
64543
36754
33997
65484
20586
99896
72658
30778
11344
24606
80262
72226
30960
9885
40564
44132
86688
67529
76225
10437
63334
30111
12038
27008
14711
62311
67597
97828
42308
39130
40073
23203
92235
74070
5038
12820
73965
77695
59949
85308
18653
56562
57533
49612
66446
98096
10095
69485
81976
86320
79921
45309
16430
91959
88669
47492
70621
56265
45319
12928
11746
85392
36130
3980
75813
41168
33151
49777
18862
93099
35084
53866
49660
8969
3477
16105
23416
29924
1941
21744
16243
81862
83404
49024
73820
72072
12867
44440
44688
58186
73719
56433
59929
9849
76764
35741
67368
9914
1869
2581
19364
53304
56447
69023
62272
76275
1479
2040
6198
3420
23783
22440
1633
23538
87815
75452
95610
682
36243
40297
75219
26313
13082
51499
52513
89845
3591
19880
16111
5459
38813
51826
75114
11611
20849
37386
87885
38679
55777
94083
58450
95911
32874
60082
19448
37041
51885
15057
54074
4479
55354
29292
30792
84787
97142
83304
90983
732
19536
23445
22542
58348
75271
97655
69958
12471
51392
74194
51149
23520
68276
9599
19430
17502
69680
38878
70894
37917
70286
24967
42395
41991
54258
73186
26777
67751
56490
17760
84834
92377
41204
23727
50724
16474
37733
37033
28944
89125
11226
96445
12644
95854
22395
48426
29707
8426
3655
600
46342
73940
25566
88737
15931
96175
61922
59059
63925
34763
93170
65110
27139
34374
88836
94214
67199
26568
31246
12495
32044
58824
25291
44688
71029
47685
9465
735
56110
13119
17686
2452
87058
59603
91188
19340
55777
69461
78399
36053
4224
87920
1162
31362
22293
6349
25576
5844
32916
73173
34690
64960
48348
59980
25999
19376
24016
35463
36462
80125
64933
54147
98928
51990
13749
6467
87682
85877
75928
82432
38281
80151
70351
55794
27864
8996
62142
69791
31191
11410
59316
65880
76369
7663
42211
18719
43391
66226
54181
79852
62702
19113
33999
77982
87454
64099
84448
91487
66328
60375
73918
4608
56877
60621
60402
1093
69616
38895
70883
806
50304
46550
83037
43024
54213
41599
61742
97603
24176
32274
93806
3229
67738
27804
81210
55192
8255
65658
46678
74582
42384
36948
95541
99261
97568
72294
353
83535
27541
87587
692
77844
34137
83728
20868
4701
25326
98961
18655
65853
31235
12460
69081
98972
56616
50291
70515
81222
32300
33545
72155
74683
70492
67695
73943
84411
56341
90647
67945
83881
94586
68636
78076
45074
68715
98943
49774
10392
14256
68428
76244
45490
97239
45324
44461
53854
11966
31328
51427
44265
64872
23581
18948
35363
91276
9242
19773
63968
16241
4069
47848
10826
72704
25923
55899
57770
41218
22024
68161
55473
6803
60756
17314
4041
6079
78126
74247
34397
9453
25673
78661
74324
49254
97608
26038
56881
23202
62162
20848
39442
66230
85047
50267
55285
27321
22517
13054
84890
44540
97566
56714
51342
58321
74027
55382
80752
68505
45980
15148
77957
71653
93808
68633
37258
7768
94670
10490
30969
56832
31337
70410
23061
32735
37028
94698
60055
59544
7751
44945
4083
21669
1658
55424
79989
92037
27157
77092
60541
73137
92239
38497
61141
2399
7129
98398
10166
18151
25239
41134
74982
72927
27895
14394
5661
64922
9091
82067
24465
33194
27011
44899
54862
45021
322
51202
53409
43830
28294
13949
16966
20532
68797
94458
22930
92278
9207
49447
10428
34445
6932
1761
7371
34826
16154
13031
16099
25245
11450
56915
74790
54812
1813
29651
99832
18486
97204
53240
62316
25497
83540
95633
62381
52337
6443
1662
44614
15649
51109
71393
50094
74392
73153
73816
9218
89306
3199
41668
30902
14648
14935
5691
69459
16747
51693
85643
51585
48897
55234
30252
90745
38774
42236
53125
91110
48678
54787
52075
64327
22247
23467
30772
12990
96619
4587
38559
85924
24137
80227
33178
38784
95161
38868
24595
28259
6913
10237
79843
55809
65470
26446
46553
4243
68682
16030
11704
17359
87168
63778
98037
25766
3596
28808
38755
214
49747
77314
2490
73883
57540
35667
29019
69052
90886
53613
97310
14150
80201
93505
69958
45670
19950
32863
66265
88631
48892
94320
22342
52411
74450
20378
78176
78045
65538
16930
94611
31636
94243
97100
21870
68134
49118
50888
37185
56355
20852
50847
70505
1052
44351
56814
63074
80652
89676
29338
85635
54919
23657
7976
7329
98106
44705
85504
92503
10242
18786
87113
41877
13028
84212
80099
97514
49681
30986
34698
22387
68190
1896
92891
69241
46246
66057
32314
26898
72084
78003
12532
27003
1660
36859
50683
16117
81563
52539
8619
91805
71324
95731
50033
703
96294
46483
98216
62326
77469
49266
1065
45658
51161
10307
31250
97407
76363
79916
40656
48447
57918
69539
91801
59577
6397
42483
92046
4311
95021
17016
12467
66344
29099
78852
67047
41744
25334
65262
20422
2802
30879
21486
64811
82040
31792
12413
95798
8155
92328
36453
56601
50245
22343
48401
26174
45091
7235
34571
49401
2256
51586
61868
84951
80684
40719
51997
38780
66052
33611
59201
85206
64489
80686
66368
62880
12477
78780
58677
36983
87459
95129
9935
37704
33823
74687
80229
78913
81922
14799
28314
84177
82736
90181
85479
79772
30899
37476
18551
13302
87438
77751
98507
68278
74788
81227
31158
3616
60006
89834
40599
63817
1315
50533
1520
35137
25220
98100
14050
23493
29250
42363
24021
11985
48895
9499
91756
96145
63326
26658
9446
50763
4408
24305
35393
95547
5531
66550
99163
81888
72735
39761
45704
74049
6645
63575
25538
48216
61674
55939
71708
90923
14653
95728
19260
63547
5227
11015
76043
68552
54025
85488
35667
74784
26144
71059
70331
31674
53960
69493
29914
26694
25605
75617
17095
32249
39192
42632
96817
17217
98570
68524
24492
29574
80604
43751
93120
2182
71117
85514
87085
25141
71001
22751
99925
13497
10161
70255
61522
64120
56099
91435
7166
81703
67052
24260
30303
22595
83243
27119
39811
98164
11995
80654
27737
92598
24404
37208
94779
95521
22721
81863
37013
10073
20966
36937
23569
31126
23543
1443
11598
79641
92877
18763
77695
76280
59374
7998
15226
58968
51468
71389
57131
63462
52042
1219
72411
76446
38426
83541
88318
77498
65404
25330
87570
2721
62267
27491
50198
85809
28933
78147
81802
38161
13261
59496
14441
72634
83845
46018
31601
35313
17406
5083
15126
69448
6301
87537
62245
61078
71077
50562
38575
52832
75891
26145
71904
54509
69987
22102
56670
98919
16600
38471
37079
29861
97966
67871
18846
81811
13889
50447
17123
47646
71881
48600
17093
78182
52488
95689
55611
39917
46250
94186
92748
38493
36682
81004
9353
6668
19457
66022
21938
36056
4492
59016
65916
2458
43239
84762
84268
73479
51560
17742
21124
23440
82693
54569
17973
35181
50257
89936
75097
12859
84121
84196
67703
20802
65199
77055
43821
84655
43077
65758
37063
47568
24773
2978
66377
84363
4091
66996
57841
72002
1089
95317
11794
83782
49885
29766
18962
16493
19701
94058
45703
20173
94605
13405
57326
59804
90460
1146
60810
49888
66903
97872
97455
8028
17202
80184
8742
37644
47179
66583
9646
48268
78251
21439
32049
28135
67556
67362
60979
3609
77771
6682
23781
72375
36438
81107
48530
26897
98604
9340
93136
81859
23563
90591
89886
57116
87126
98627
94760
34304
81561
4405
98923
59811
25843
30971
4297
93398
14684
81628
97006
92454
88309
37139
64829
24746
34597
29710
67995
33200
39049
61130
15058
78964
68072
21295
36079
55197
36274
47190
5853
17834
51594
4775
93997
93788
52098
14645
3538
66781
96272
16895
59235
84580
54033
40415
25678
88629
70124
10024
38181
25525
87505
69590
4488
55577
90885
56918
27125
27158
4108
32977
61343
72053
54104
71691
65841
6201
86336
69378
72981
82607
86272
48567
83539
56657
88981
25568
61637
75457
35591
16169
981
23095
85759
21820
95023
92995
95089
22148
36504
99196
71476
14198
87601
25579
85889
69793
48131
72224
39170
37464
71182
41793
86030
54720
14801
75011
80287
92790
50467
32229
8958
67799
55324
94716
89618
66698
4062
84706
5197
40565
254
76673
54763
4206
18603
40651
73998
83086
29226
29519
20549
407
87663
6578
71479
2464
97940
68117
95253
64758
346
20562
32556
72021
15278
38525
38718
35691
39583
43915
76256
56188
36939
31018
60393
71893
88020
50742
54978
33597
80260
75526
34003
84274
98456
21833
86737
96395
89950
98341
77505
90295
18903
10060
62315
50532
64937
17384
86222
20871
61298
78829
77058
14588
26198
53802
86481
30569
20895
41458
64165
1154
33336
14520
85427
31791
36352
88516
44537
42653
3208
22041
32947
38462
48453
11613
5345
13389
28997
7919
50611
6646
86747
44020
21234
29297
97821
24066
59865
35067
65523
24030
36220
15210
38549
37998
63352
91252
42865
7889
33905
46073
29929
83203
886
94733
94816
6231
24473
40164
14149
75083
63161
17247
19102
746
46543
33274
24811
6408
68340
6686
30437
20911
21895
85337
75261
85247
92940
18125
9487
26844
80549
55767
26399
81435
50500
21214
4017
74972
77729
18165
66407
40889
35411
85508
41635
98306
35134
66445
4713
3473
89482
51501
40736
11377
53189
15996
12975
46128
50472
22461
89324
31021
78227
32074
28807
28726
53287
32823
20050
47367
67339
86456
4607
19101
88315
62593
17406
23448
45390
38470
43273
34871
6322
84008
46247
59510
16355
59221
21990
66826
98033
27665
14198
76260
59738
59356
4985
29376
8530
25034
93094
75868
27841
97700
11321
16156
60293
28726
39603
22034
83548
99227
56904
89869
83234
19503
65731
15940
95075
87720
99118
93108
31736
13315
69367
91473
89023
90703
37200
97552
32089
30293
89772
59929
27992
1092
92436
4636
46169
32039
26669
29716
31265
83573
35937
30851
19427
1667
63142
14501
5738
62259
7608
37473
91926
93326
28945
80948
84029
66144
94851
16117
96436
84622
92397
40779
85713
84833
45415
31882
33223
88435
77949
80839
88359
13885
28041
7785
31903
91183
22286
37640
69793
46245
75112
61718
39571
20408
59017
23599
2903
53868
56067
15690
54841
64815
56469
40554
49647
18235
88787
99221
6669
83087
80060
95028
13324
24452
19164
45226
15634
41449
82866
85427
87694
57977
63496
27264
78385
38865
67214
97639
92732
23280
13329
47572
4446
69797
4477
70445
88031
9615
69665
11051
9054
66076
22430
22377
90528
41594
83954
22513
99394
66819
24291
87087
41148
87787
30702
35884
26651
97915
33522
35734
37546
46850
99657
58344
16646
20486
28788
21028
46452
98452
48431
55505
80880
87212
94233
87759
28805
78187
10271
44551
45005
34562
31637
2504
38700
78691
38387
81702
92957
71909
33787
46855
35110
49795
5198
68108
70280
33985
5487
33084
48788
53917
4940
46019
41129
99173
33777
86285
77359
44048
30835
38715
94961
78824
57571
50012
73866
95957
48065
66822
84217
98203
30028
19327
47997
51577
3786
34629
1913
9272
67712
50701
79541
89003
13071
37021
88175
46848
23305
81885
7247
70492
36952
2207
65667
94522
68570
39532
6830
16634
22705
91047
14836
52733
26725
79184
4309
30510
13812
6222
56133
97875
73274
35673
86878
86344
72693
91404
49543
95998
73289
56789
82841
26592
58995
48507
21113
43916
4390
27942
60549
27094
35340
91736
96178
78416
70920
487
25277
1083
23060
81410
98958
12685
17082
2187
99028
6127
93590
64923
18476
66878
21711
1316
93469
97058
66174
30933
40973
70563
75227
17874
14008
26918
9609
10186
5334
96880
27024
46962
14315
50083
28371
13272
62767
61805
31810
78146
67931
25399
43068
86406
8629
64779
4073
18449
78188
70246
49382
19160
57160
40960
53385
71167
67877
79346
81352
73210
76225
8375
20172
90539
58457
64894
20162
37575
43050
51971
32073
10980
93722
91492
13737
2350
72622
17809
20798
50809
4406
86531
69969
61565
27490
23353
32732
95367
2698
14083
84928
95275
38810
21451
2165
13618
2697
38679
51193
45746
7001
99617
56726
722
91108
86814
19423
63730
20975
40221
14538
25380
43103
858
3297
70593
40563
36028
65959
43260
66462
67238
54886
5271
88689
73403
35241
91385
12081
86433
37130
19081
2401
10207
36155
93508
13373
55577
57237
34347
12149
71775
76078
55252
72632
79374
42196
13194
15401
24506
72806
98215
91743
44043
19837
96783
17445
55077
4519
29525
57861
58001
64958
60261
68207
1112
53769
97931
73040
27357
32277
85189
99131
8355
56792
88115
87728
15339
17660
19481
39844
6817
34047
31586
50860
53883
44721
68304
25312
49239
14181
83172
7239
95490
59785
91798
96601
29905
89728
85992
57261
22005
87532
56392
46711
60675
60858
50790
76013
78517
70270
15856
1686
4316
63794
52545
74551
8514
37200
99862
74104
67732
83033
81343
63221
59169
89492
76173
89073
79219
78517
46334
17575
66048
19077
80637
26723
79934
31427
2735
74802
1696
34943
76487
22364
15088
45383
96914
23601
98935
96775
14056
83018
96159
11750
46239
55328
1241
38763
60752
80460
17279
7085
14386
99679
26161
95023
26401
22446
26449
45487
97248
44496
96781
90086
66859
11868
51821
80124
51820
67107
76898
65876
50124
89409
77625
12714
61088
78866
51477
21839
75677
85107
28924
6414
84785
71436
1436
27537
93882
44236
89376
7481
88732
86156
13918
71942
98024
65738
52066
66195
49196
28963
32070
99320
34723
26047
12033
95810
21264
79861
17649
96940
64968
62924
3353
66104
34359
21141
93641
28240
65376
99368
35720
54107
85523
49638
26049
99898
31727
94466
82445
80923
23428
14514
96594
74503
56912
8626
70312
78175
4839
4312
75114
86158
67235
94819
68613
1594
32311
78605
46185
97686
77972
98257
68145
79847
47894
10545
79744
95972
5010
78540
93246
44789
93054
89839
19291
49965
14817
5955
44492
19655
10266
19605
22164
77501
30775
90776
95446
63085
69381
41630
77123
47352
39886
45267
27198
4131
72163
23294
16455
77172
1833
9700
38312
11238
99539
57603
77555
30707
79909
22046
66713
90174
58002
88876
84026
5129
96003
79471
84565
65383
21101
61687
29087
77338
23305
72636
81469
95467
12281
97923
88990
30466
23974
27302
58055
39864
1256
35609
70570
81164
74006
37282
87689
48360
42509
71715
69840
54864
51185
54404
20246
88637
16091
65684
65975
55747
54672
63795
51214
66952
78069
56555
13769
18394
83856
71824
58258
1463
23784
45179
98978
14142
98813
86667
62501
41321
58381
32340
96184
25917
3095
32782
30906
19185
14817
96880
74932
69488
77026
42497
52792
71446
99051
66560
89839
99259
38383
48096
17073
62167
93275
16051
76308
92087
19069
55160
49759
93801
3851
62295
19717
6945
11428
66974
42482
26244
63853
33765
95732
57230
92613
48523
28675
91663
15082
18514
7273
69817
66609
24346
48335
76235
56748
40994
84673
75816
96153
34432
69616
16355
13078
5684
23299
24505
72658
82132
50748
52862
15896
62831
10092
24860
27705
55118
16523
59139
73631
40147
28955
56592
80844
93641
49178
37591
34634
33851
13406
47138
84634
99373
63492
97711
21409
3142
38567
10418
1626
5666
79631
33873
68497
6074
58733
96201
61192
91607
71691
51174
31753
16997
7765
12597
10637
73295
50187
45270
7145
79945
92407
8130
95669
72250
5840
33429
91744
44406
43846
93369
50071
39829
43593
34919
45902
2325
47472
7093
93931
19162
74619
25684
36159
98735
54632
46795
72029
4818
8417
79173
1114
17175
3654
13135
5777
9493
46563
13872
70250
6761
23592
36673
46589
67184
87943
92490
69509
35414
15935
63439
70928
6905
5474
23438
5639
60105
86584
77668
81275
11352
73192
98740
28527
76846
11874
50655
2690
58437
64526
89292
65197
88117
25964
28137
55300
30258
36978
24808
82024
52912
4599
52951
59816
10072
92740
81807
86529
79323
59474
84155
7027
49017
82894
35553
25862
94768
86207
44904
53204
50732
34195
34752
38848
76510
79240
10499
6767
16217
35307
88790
85481
56257
58092
61648
82680
67183
43454
69208
62858
19279
53362
69884
68296
36256
21788
10509
47375
7994
55412
16930
75077
89606
51681
30276
82467
47272
40774
89234
63488
92432
94375
65320
48688
68819
26968
31368
52353
86773
575
15210
6052
70289
85093
90699
22896
6880
1207
70270
31225
56619
87199
22653
62576
55231
52928
45043
2502
93702
50628
82341
2485
61354
47661
51173
46524
90980
82540
98877
77752
99466
14086
155
86106
15531
90853
9001
38762
92060
79270
86339
65030
66468
8991
43957
38050
61919
5351
40551
71972
55978
22892
74456
33684
86904
41980
80207
77883
40871
79083
55634
56689
9521
55789
42794
41403
62993
68147
80164
55052
63768
66502
36433
30236
91845
80390
84637
53763
85740
25188
42086
58070
64431
32893
91753
51334
74873
88311
29216
32095
83746
1201
88783
9618
73341
47929
51020
36334
16075
47535
7737
79842
30389
44170
26429
22233
40911
11066
92347
43002
52605
34432
1071
17035
83676
9175
84720
58548
97486
13935
6995
97583
31487
95777
7200
4828
43705
58219
57513
76131
22105
81601
55973
52493
25770
98753
91077
83032
9818
83423
26034
62422
34206
43456
95808
17882
52631
80527
92781
66468
10813
99775
64050
42300
95552
87601
63479
55608
45819
37343
31739
84275
18943
4063
36768
61065
2815
27844
44096
28985
11267
86481
7758
61824
29937
3566
79705
98919
444
72486
65386
11257
88612
45787
69908
515
33387
49738
56123
95557
87080
4213
79831
6022
8275
32950
83438
27441
60794
43886
56425
88412
30366
64183
66587
76654
84100
46292
75572
84543
35129
57309
95799
23740
19447
82058
24255
69185
31795
96729
81093
18874
941
60924
41248
25567
10225
41037
53007
71018
84922
9432
75781
31640
89966
42368
8293
74065
5011
217
58607
56491
73877
70758
80230
9676
69167
20836
78860
962
33916
59953
36187
34856
37228
93786
76774
47452
34823
29781
34822
19744
55564
26954
67735
45529
85673
92380
19593
7035
92596
94551
63525
82824
81660
60107
92499
50827
80942
87711
51788
14858
64015
4326
66065
1242
98112
42839
65045
32934
72619
99866
69029
44534
43172
36764
90062
28844
45495
26006
35879
38090
36908
99403
37265
18568
75861
46116
85746
56803
50178
53885
88012
14192
58210
54076
31785
72673
13266
96829
5606
2236
13047
90987
46769
56218
44102
36830
1413
89596
79187
53643
44037
16095
69398
97653
51014
45258
43768
36759
2060
93945
90643
6423
8136
65204
60499
56272
37877
90116
53101
59834
92352
66147
50820
39120
38716
11273
92302
56480
868
71488
10123
61256
3934
79520
58909
54947
24777
2676
91705
43189
12973
98699
49611
37460
80255
26461
93732
18131
16577
46832
77964
8928
29330
45136
64399
84397
56408
56700
40876
73628
28188
50998
34883
32121
46869
93791
87068
87998
12819
95124
31186
25791
10175
97148
63250
90429
39961
73333
24911
72889
36516
19226
81816
82197
64361
62566
66593
37121
19266
23821
10748
47453
74818
61982
95925
38039
72125
99344
26036
84943
10820
57221
27085
20994
70720
6686
27774
10680
80019
52684
83568
16534
71909
81735
98731
52622
44301
65323
89742
63566
5495
16841
27370
96665
95174
23294
34703
67298
38990
60738
68592
49809
34310
95676
70802
21381
2362
14927
32061
82380
67610
31980
15265
55870
13715
13995
8491
74367
95670
14584
54284
1164
47776
81653
97828
42950
21298
48882
26599
60287
9619
95191
10095
60280
90866
97248
81661
9579
12174
13721
91958
79783
62052
7223
52005
75766
37569
60495
66484
33238
91431
20767
50754
39206
18771
64933
98507
40069
13815
25106
16707
39785
20296
26802
65
27513
40401
81725
37092
52575
11797
45401
48709
73848
68975
713
65966
6544
77560
32449
56133
85342
69568
23238
40899
88338
88171
39406
44758
1985
64511
61465
41769
1158
4618
58185
28670
45018
39909
82113
13944
68057
27514
62653
58257
96488
79717
24222
3031
73628
73022
75516
75321
42589
98753
16220
47279
86923
55625
92036
5259
36487
53500
47028
37644
58117
5212
82665
19487
61473
64778
33430
29529
92291
12434
4137
88778
8503
28358
8161
98482
17732
83676
73803
76672
82428
90022
23950
69351
61998
15986
90961
98484
85837
37988
36127
60306
59552
18791
79792
37376
99920
13221
83256
92210
42007
87393
97340
50509
32102
5500
48990
49833
89175
22792
42857
87954
29165
66806
73656
91162
99143
64617
89645
1332
18956
42123
61637
78507
77266
41428
32234
77185
71000
15490
85747
29358
2882
83086
79866
34983
88585
45208
1168
94111
67999
44024
98416
13516
27181
72072
4677
42676
53040
10674
44007
71995
52796
5643
66854
46413
63422
99087
39950
50773
30928
25696
80131
33809
8781
76348
85144
13717
21555
86311
24179
5906
46686
22594
19421
73866
11017
40449
32893
80408
51122
76899
68755
20270
98893
35608
66682
78666
51046
6631
29439
81974
32326
25921
15782
57458
18620
17277
71174
40175
19939
11704
62432
66624
50650
98204
56842
78018
38652
89734
58426
89774
66633
27180
10043
81877
79139
76724
60543
30184
99707
6333
28509
32032
48605
60643
5842
67224
77919
77015
23750
97858
5071
2533
64481
55720
736
37674
50089
39388
27408
24866
29161
10392
52045
55555
92268
47535
32278
69162
77719
48336
91846
6227
80368
40450
83221
86209
24026
61140
79575
47775
58997
997
66660
39829
73068
67395
93855
23157
6782
21262
48022
52294
48005
16419
7848
56624
63953
56478
25786
58023
4813
17631
80602
85180
74433
63822
87740
98458
24961
83667
62584
309
84663
29243
56490
57731
96638
50344
80887
19771
87957
45260
72065
52313
61678
79912
8936
25631
36389
51073
5
41202
85056
80606
42733
59488
44428
46825
57945
85740
30491
36880
86049
15153
82475
58890
72883
79112
25585
70121
15234
13541
15381
87298
65853
93410
83562
91140
35392
19950
42213
35397
77503
27268
16002
20236
86755
76781
83412
61051
62521
13902
14282
64921
29054
96756
23810
18289
92219
49394
4761
7453
79286
