4900 143
94750
61490
46255
94663
52629
81646
14613
94841
17042
8467
22108
49396
45054
25214
26176
28465
2616
5048
42366
16898
86320
87772
13653
10129
22412
5872
75874
27172
13324
71511
80017
24425
33000
26271
19088
1981
7916
50052
96821
41310
58518
35281
7057
19924
76846
49584
48388
79462
54632
90754
96359
40951
94877
10011
67432
17288
32234
59657
60811
61909
47520
40827
86334
96871
83449
21773
98851
7717
71824
12024
49026
46693
63656
56082
66616
40501
5665
31356
36314
76648
38461
49024
33951
33337
75387
17734
66976
7620
77390
27786
69529
24909
84965
72214
38132
84765
93986
36982
92481
82161
49005
41506
45205
29012
13939
11821
69513
35956
59528
22178
12603
97988
71202
46553
31324
46588
64286
98299
54207
58028
42436
40087
99288
43752
12300
37419
28517
22637
90753
20997
4797
56109
78855
50002
85121
92793
78174
70985
45100
37701
93162
57703
52040
64363
20607
83363
10950
1245
98013
81509
75624
40448
21595
91263
84200
33895
45034
29068
56531
35786
50064
77680
91894
45270
44033
77014
54415
38558
47998
99514
92610
57512
73568
44649
21874
94175
28011
49176
11771
42375
30684
3746
82822
68630
95008
83373
18876
40041
12440
75407
92178
78856
69438
84072
24125
13470
77437
78539
68379
41787
94405
60988
99298
67972
5636
37523
78498
49998
86698
90268
92372
33733
10365
91545
2363
21725
91270
37590
61765
3709
12996
53943
98916
98785
54366
39393
28606
31802
34283
96984
73588
28687
57971
89237
96659
79958
26760
75156
29955
29809
81776
38678
79894
92140
30223
82256
30216
21492
36197
91981
41552
49193
62275
56820
64329
16640
96212
92935
64793
46846
89918
38381
75533
64241
43969
72191
44198
70728
63698
90505
537
45473
45534
80430
53965
92108
79037
84180
13599
15233
92512
71503
80777
71138
44674
45106
87777
57237
54392
68922
4082
44309
23654
79614
8549
67622
68156
52747
38350
48206
59603
55238
10030
5136
52019
63994
97244
47407
64526
27194
78991
73389
15048
59768
44527
59721
21225
48655
16957
75616
33928
37391
36276
57581
33356
44825
25203
1512
13923
63552
49717
89877
35141
59746
95012
87159
40092
8607
50917
20969
35801
29907
10709
67200
6026
71587
26921
27250
36594
60229
19217
70521
13971
71845
28102
47327
16669
53304
65190
46943
33207
31258
53171
84699
7355
48182
88209
47446
73141
39125
84766
8941
69031
11827
76140
75057
83413
19412
18658
20006
95993
54227
6879
9963
26071
34980
73641
59091
4635
38830
6033
37841
70087
59203
22539
77442
23736
27099
41239
96876
66223
42357
22168
35253
54183
14660
26661
53947
34071
61671
73953
46415
15897
80831
72730
41967
32162
46370
1057
36796
85200
23441
90988
71638
98995
29878
49079
22730
56976
6670
35958
23198
49026
58125
74802
3208
72784
1463
73506
23207
63133
63810
85973
95381
60992
58702
37347
93153
5072
54755
29948
6623
78195
20935
78260
77189
50812
27339
16270
24139
50360
52227
47336
99385
26704
22138
18944
99487
39952
92449
39045
19436
56259
25018
14816
17250
83719
52162
26755
5142
6916
73054
11764
1462
93989
90024
78650
61152
33714
94919
85291
84073
63498
48978
99809
90201
71115
18752
6039
27418
27552
45084
46853
162
86453
61668
17412
70171
30181
60518
91665
53448
33571
3428
54909
43911
9803
49910
5063
59868
61181
6705
43940
24678
72034
60100
31230
59501
78851
37268
86918
22755
98703
50123
22916
85155
28142
56679
71678
58323
17196
63342
28122
50767
83121
99383
94677
92924
65644
16091
52791
26824
39147
13083
67853
11181
73182
99082
70681
68385
52702
57598
91139
51404
24072
14054
52911
52214
70733
24588
26888
87928
87929
71361
38694
71049
70743
49723
80324
36387
65813
33115
79562
4960
62549
47415
16140
35730
62848
3172
4114
15549
77121
95252
83305
1193
25658
36215
53406
96390
60802
80293
669
65082
51653
55715
52482
38748
5437
32806
91486
87601
82272
71047
92560
44820
18461
25051
80549
97661
28222
1015
13209
5343
12618
96513
22887
38275
49079
76292
51016
9880
72936
68037
91313
40940
23751
43795
96039
45539
76600
87524
33139
75223
58571
42051
20042
93383
83453
16942
91043
28027
34308
4252
49721
46926
17116
72607
85200
66195
48898
52568
92426
38185
20604
83739
95476
44354
27533
91515
6244
20484
79038
55734
95706
37608
14136
32099
30991
97589
65392
22033
25615
99700
42636
91687
46625
76104
64293
48176
42298
29542
743
51075
67726
37698
34813
63201
98403
62345
54715
4646
99180
50105
76732
11237
87712
90867
43335
35054
88455
8727
73439
30421
24778
32426
22107
71402
8529
2751
35929
67178
32292
53024
18253
16369
90721
53065
79570
89124
31762
50636
10121
30941
17092
86852
42178
21156
77719
1864
56209
82525
26942
45999
29298
51719
78425
67756
39472
86953
70507
75401
54131
19150
28424
72383
35519
35496
41799
31440
40971
73560
98427
51092
20853
15519
54295
79382
36674
48365
81245
9234
30890
8187
55233
76539
76257
50009
44294
15729
53313
31152
7481
7443
50302
52256
96177
85820
87751
54328
33611
28722
27887
32037
96165
48739
47555
66811
28120
580
15176
25717
26166
62417
50255
81398
38955
26511
47758
99600
58591
1070
30752
66071
24865
81053
18326
37393
83224
22429
91720
16834
67502
19607
65222
80018
84697
29129
46828
29169
29708
78355
54885
55873
40771
21491
53622
96077
48001
1379
12029
6592
18801
42780
89014
43665
40184
23692
97409
39759
46120
89129
72944
13621
25087
38165
9990
9783
67293
56817
55303
97001
35172
26539
69225
92294
48029
39199
4723
96030
40577
16751
18973
75729
75882
24338
35745
16065
48029
33154
72175
10500
22282
45118
40472
47368
83282
50461
73502
50575
7278
45157
63927
58801
71695
49503
67446
19724
88701
88520
15753
45630
5270
51077
21358
97503
75414
57103
13567
39795
90256
2093
50294
28889
47210
90766
92608
30492
57578
82461
97418
64855
27617
61344
40007
99312
10846
23805
19035
15899
12324
51139
61528
17594
18567
82885
31448
10332
56339
45015
50126
62946
63459
16772
91834
10669
23889
793
41160
81466
83254
38577
62673
27222
16272
19031
26533
43469
42835
61919
59367
55159
29409
20894
89104
47975
20131
20551
58307
76469
81917
24784
39415
45376
41555
47600
56044
65443
48393
13555
63261
47998
68483
25933
75219
1106
44963
18104
44574
87798
80022
20293
59308
9431
57538
48411
73757
77668
85313
32063
54137
67230
56847
9903
28957
14753
73854
85000
96548
22246
14906
59808
86595
83388
2092
78166
84493
47054
96269
45418
51203
92642
65710
10510
18424
23248
75272
92181
17267
76937
40595
87755
44166
97441
97657
89474
28546
71511
90825
25093
10108
5730
1252
13055
5469
3343
91220
89961
50396
87488
51730
17951
80129
33792
44812
14905
73391
36436
7085
90657
13372
47679
78412
73889
61472
92420
63362
90017
80282
54186
31461
90390
76267
32712
3444
81735
36054
11015
88047
2801
98502
39776
20751
94982
89919
65563
9886
63309
18350
16970
70318
31721
81001
48729
21961
42472
57500
85322
48840
37782
55859
80300
44523
32125
13011
64318
13859
49064
75332
1905
51864
90185
58032
88967
85166
47951
70881
11404
11259
89230
44725
81576
20950
25725
46656
59262
84548
20508
44583
33387
58289
16793
13686
19163
48917
26696
99832
79127
92111
91515
81031
43975
81699
39062
49293
83216
87012
20173
94619
14623
9402
55696
12550
46703
81420
59206
5964
65968
96065
66898
99354
70705
83690
29392
89867
32606
72439
6050
11732
64550
97564
9114
24876
95614
64527
74168
78829
67891
94340
89800
82513
20093
61847
11414
66795
43266
86971
89110
25585
83035
56007
24939
53739
39696
70682
59957
88653
43120
66006
16736
7669
63569
42201
48896
75534
6727
39415
70715
90969
33754
76866
73481
70198
38712
1247
36992
81977
88217
26101
7562
71252
98459
48852
41342
54506
35885
1299
59510
79004
67304
76245
3025
47225
34797
51920
22758
57876
91335
9824
48844
41440
86689
38677
11638
25400
39923
64981
23729
44491
7434
47642
15742
5892
96493
73436
60398
32377
74734
19907
27732
58389
12504
30756
5613
47300
99028
44723
21527
6714
54546
70371
48153
41235
9047
76142
82986
65321
41123
6714
9811
48556
54355
41905
70799
50847
15340
31196
99575
90073
67455
27307
48461
79958
74414
70426
43609
73441
31500
65136
80154
86045
51858
44659
43631
60904
20800
26617
26224
78274
33330
52386
43181
87685
94290
13980
54883
9629
61527
70810
16053
28981
14468
80866
25290
88881
51291
85251
78674
82790
66738
75179
85186
18595
19837
28817
95850
56989
55433
38425
51614
88762
90810
11147
92798
85100
25126
64033
11080
3004
34842
27133
31985
49309
7998
73626
54541
75640
58876
49566
74781
25613
24745
59966
60559
60933
88782
56408
34273
60566
94832
85887
65680
1994
97033
58477
87093
38510
22509
98172
57865
73702
41656
6201
23010
66005
79827
93903
41644
55054
43468
16424
97019
84564
92742
57577
45497
81523
13985
96121
58441
25168
82007
24120
27161
95391
98948
30605
50252
37809
45129
8117
11510
86784
14317
50872
52789
10495
44774
10784
65549
4593
43560
62567
89157
36301
20143
51005
34175
50479
47125
92615
91999
45484
16734
19159
57226
32034
49764
7478
69842
11244
31946
81351
98027
62614
32222
67167
73109
93347
94303
55009
14292
37862
17575
3448
74162
54069
70804
8336
20900
17928
951
12898
63411
34036
48408
36989
66069
14523
44466
52262
25766
92763
33613
40145
55376
82186
23663
44836
91885
17965
99844
6176
55826
33770
25975
29987
4191
96778
54675
25090
14705
71977
54339
94468
22364
2746
31456
4785
33621
92273
57046
59386
1387
90658
15882
73114
89196
39545
17950
81080
57509
34145
87255
29687
84267
29581
76025
88457
26358
30699
13546
57414
19027
84236
68233
41391
86981
16040
46175
36953
24664
3220
96339
26050
10230
28572
99164
15777
68116
33465
96856
41977
83961
462
71663
68227
30042
64039
56683
72751
11090
86580
30164
30116
70815
98397
87858
74148
14436
34032
11100
39100
53604
23790
81501
80185
52362
97016
12313
36829
46832
9168
95157
30793
25981
83171
99019
72374
47210
72054
45124
58299
74985
75287
88414
45800
90035
92624
36299
20823
43007
63750
76274
96610
3892
57774
93146
72605
71142
5458
9433
17973
30977
20942
48765
73309
4112
64136
45682
51321
52541
90805
9619
27525
82444
14385
89676
88830
7008
25974
9652
50014
6076
2277
62976
9967
76403
72473
98923
47544
94283
24707
65516
41611
45648
30633
14920
49760
11120
76953
1080
63660
84110
27051
91184
82905
41435
80860
71734
64794
23185
97738
31159
45612
14
10486
71930
76416
82959
70852
23959
93593
95559
5827
35203
41206
36459
66474
90965
47578
43427
8397
27589
27536
35447
18772
26792
93233
15983
98525
58026
55520
96262
5536
1131
12628
16022
89413
89043
15332
60264
29354
8924
55822
35180
60478
13380
87990
26952
4344
51919
86730
12740
79507
30617
64538
14630
57408
57770
30613
72284
32147
2484
84898
37683
19966
97525
70056
9378
2919
1739
69642
32272
10662
41815
83803
87491
55194
88144
30794
75890
40062
17523
4981
19568
64491
69519
34198
21898
43640
81162
10534
75787
83645
95431
29821
19962
92955
16228
29340
95873
17966
15333
44497
44979
57147
44651
48821
12341
32795
79615
4582
89208
13489
9562
8776
77980
95432
59325
16229
39072
56838
26762
31210
40482
38544
77382
60443
31498
93609
6134
43723
27926
21466
88219
72904
78613
49221
38076
7305
82015
17690
28238
71223
47531
37799
96350
25510
33231
72026
58090
72302
28863
1204
19863
85696
39747
97244
62490
87597
90852
68624
31319
18777
6441
35889
8032
1405
1461
46107
25061
99828
80149
53298
87402
27679
91097
83751
69540
40679
72128
43981
29332
990
45184
49194
3037
1283
46437
65526
5231
37288
50501
36549
72416
56942
88789
96799
74698
90249
59257
99759
90076
55757
53056
93829
83435
60504
77579
69326
1182
66058
13307
30513
83399
74842
79706
86435
76124
26142
68313
81354
79781
35165
34254
68548
8458
39394
81698
83156
45995
57307
82914
52422
13063
52321
46251
12850
12825
40181
82175
14006
6239
95481
44519
89637
70323
40576
92424
62798
66718
60736
60504
62850
95900
11109
47750
4358
50503
29447
87513
96497
86753
86778
65270
99816
39098
11520
12665
51922
51701
11191
82280
57939
6672
26798
63927
93346
83725
56350
56143
66794
17085
32998
29644
29337
44107
77393
33694
94609
23191
37558
7457
9944
24335
72726
26111
63432
598
55127
31706
52298
66317
13985
26588
89340
57134
6866
82685
40858
79568
55180
7652
96652
88177
53647
42340
48635
31039
92385
59595
54229
29942
83403
80524
70628
72481
6634
34060
73078
78112
82117
41727
44429
96101
84666
50120
69586
91531
32805
10443
71098
4336
34446
84102
8864
88092
42793
73851
35482
35178
33445
6063
65119
16848
86586
35747
89328
9572
86158
62405
4035
84626
20483
64815
97078
5148
14935
66663
13030
64091
93457
480
68426
27903
84581
93641
32346
27373
67491
84180
78902
936
90242
44021
34135
93179
96119
39814
2750
82276
18570
23137
83253
39052
87951
80330
44199
2885
46992
73580
66975
56800
74059
51752
84702
74991
61745
33400
2364
29235
17579
81265
46522
24172
41637
97008
17350
37755
36821
36452
36382
55390
59588
19634
94441
47538
16315
54991
50423
63306
28571
33749
20106
18981
1853
21159
93972
63597
70910
12687
9183
4840
10303
72057
29011
51940
69064
46361
6046
5885
99164
58780
61274
58751
94765
72067
6288
11080
43409
73062
90737
71979
23163
27194
7312
25015
64705
1283
4963
35614
13969
14145
56806
24271
86201
85816
92562
71617
48528
98608
77501
47691
73739
55126
22793
68503
43544
45433
95934
86953
18494
86671
75283
58008
30216
82594
99374
94920
228
4336
46886
14196
34833
3691
38467
37385
5858
47380
9001
70738
45987
2853
18428
36077
74331
41221
4580
17874
86653
16865
21178
21498
3535
12813
95858
50103
11758
95231
45022
11986
15919
8259
26181
67103
28301
80999
4487
34159
28379
13488
4896
90717
32692
39675
26794
7022
97247
47725
41248
251
64589
78777
38101
84476
91589
33958
34578
3347
45540
95951
15332
77810
4210
57864
44912
32510
38863
49399
83020
67241
79238
4267
74309
11929
60294
1102
35303
57540
65178
76550
57791
29767
55326
12243
14242
63267
62552
48819
66613
8091
44769
98296
2253
65330
56159
47164
14192
95021
12914
97211
78613
92151
1478
69274
20432
61771
86727
55734
35662
51905
48635
9804
81671
20312
22046
12264
83578
84597
77434
66542
9040
38554
81189
11292
3884
37348
58455
18075
48720
71369
31637
43685
79871
49466
12958
302
27588
99684
72387
63250
51588
37373
73053
49610
74037
11451
78225
73966
96047
72010
40508
21438
10564
38048
32729
30799
75395
7536
65225
24115
78904
96861
67799
75126
46327
97108
91780
73914
96791
80518
53515
64731
17891
26568
30692
91927
54370
8917
65892
50416
97278
22751
71854
7841
60799
20934
38639
52545
28469
20215
93011
23724
17076
60809
98850
79754
74268
90629
53667
71059
87498
23534
52141
5388
50101
82832
13666
20822
8100
95910
71237
5378
18660
59442
29570
95810
96728
84561
48355
25196
4775
41365
48920
21850
18526
64121
1603
92793
71101
71622
80203
58598
95155
32343
80338
61607
31527
94003
98780
55978
89912
70016
61355
24924
45810
90925
37085
42537
75485
1791
84084
96611
43156
49355
18461
78033
13475
36415
87177
927
24388
83732
59525
35894
16074
39862
13852
63952
50216
12631
19930
40128
98999
81284
81403
61160
88560
18487
20048
80396
20278
4131
77007
79785
53486
11819
74169
83312
48233
61345
84239
88973
45076
43763
24866
77502
99976
55070
41453
50191
67700
61382
6670
83050
59018
4424
44209
63929
22911
64256
44325
59540
68387
37683
39324
38224
49501
29844
37887
14085
91188
22125
3057
52616
82239
44275
46469
82214
99344
87921
48757
83395
65655
71778
66445
41024
76202
10653
4952
15464
91261
65628
75003
75999
3310
30678
14222
52810
60521
52108
66895
68060
90585
86303
20675
72823
30577
67143
71389
46272
71416
36497
29667
53422
24626
12463
94445
827
23115
99396
16290
30727
81376
7644
6725
84685
38321
37298
53847
15193
5758
37093
83253
96342
23395
20279
85516
70324
3774
73256
16595
75189
9752
62613
44962
34378
75075
39406
51556
14542
55153
84198
61620
36528
91841
68345
37565
46514
5642
91411
61706
11399
28503
61310
24092
51897
81589
9608
38572
85362
82863
55167
76902
8967
34131
21863
59696
25558
61268
11251
56451
32772
11800
18070
69300
19993
2766
6864
66506
8408
98274
44563
36158
43128
5873
60250
95024
3813
69857
33596
89174
69071
5114
66075
78037
55596
87937
37732
97505
65556
65335
53955
98327
77134
88377
83978
97126
91142
7193
79983
99549
21818
40898
35707
64945
63122
12308
76321
66934
82164
26268
56107
51234
31381
38533
45623
3328
26469
99706
833
8376
65040
71139
6702
58526
59515
7032
55651
67009
14224
51986
66557
36042
92883
18615
986
56004
30922
77306
22937
29437
19925
95395
97023
67657
33927
42645
70985
76747
42350
88169
85122
23742
59307
8175
82267
35174
15206
54269
2182
29430
22606
85090
81823
15488
20057
99160
87843
67330
92818
27131
96767
12742
22525
10141
80399
72803
52785
51383
49549
11486
39551
51022
51579
15209
59197
33845
50382
90754
4466
68915
20183
27071
54005
18357
58911
74061
17517
63105
41390
10334
90236
54508
23075
12760
64648
3473
1915
17432
71207
51463
45270
27109
18837
96848
42318
78033
47045
9051
85138
67862
77966
21673
11284
31970
40029
86546
22382
57545
49651
63771
67878
39886
18279
7305
68997
99278
10777
70911
33062
98336
38726
78331
25444
57562
91530
84113
51946
54926
93164
37083
39139
87481
75107
50423
19450
15136
36968
58183
72680
2970
38305
56910
42855
56583
64214
28204
72213
91342
99114
5274
89677
54191
83604
15121
28104
91485
99233
96401
62763
8748
33484
1901
96228
8590
52323
32029
40077
5643
90211
12757
8612
28516
86018
67819
1450
50231
96022
73662
41572
11487
78935
31249
65678
78890
62721
93781
70375
61953
90182
33137
70701
40017
35037
66928
64958
3712
98957
21387
25706
5519
34143
50669
34034
36512
18487
35484
86742
14508
25497
44665
42347
4432
75913
8024
83321
38633
18156
70047
16938
24689
19535
87638
81057
70924
70917
62367
74635
86225
83753
16692
91744
17895
67360
25777
54406
85847
77612
57499
16706
3109
2163
59052
23892
94428
83427
7212
49412
17935
93611
66349
42623
13145
70338
40032
84068
41255
2398
75054
43831
86150
91745
35574
20396
59105
77703
91153
61303
71666
48651
78008
74774
67165
53412
15017
61592
36838
38581
27356
71124
32191
93704
30099
45335
80394
70130
45755
38000
72527
37160
81830
58676
28905
33756
95423
4361
11458
86575
65663
99475
51577
43670
90601
18741
13433
5617
96685
66623
44197
24040
37746
76387
34095
67844
38074
30840
37973
180
68839
26851
37339
50669
1878
66243
776
97300
86955
28585
83874
52617
28059
35450
12639
18659
70543
26071
24276
83579
9045
84824
23970
46791
61211
58064
30986
15636
5256
85311
15815
74094
12161
69505
41114
14039
52100
41889
11338
39054
70473
11564
91671
14884
63365
20661
33542
33907
63083
74169
33837
72128
58993
57806
35270
36555
32222
66255
52190
37477
67917
84356
11570
80078
53860
69036
10468
5959
10924
38157
45013
97749
49720
53035
12632
29437
90047
46173
79695
53129
36694
13532
41608
95686
71337
76877
32240
19910
59484
84429
57386
27400
85136
85308
23829
38995
54343
34296
44954
81618
88805
6318
79366
54876
75704
8349
84312
65750
70874
64007
18878
7567
77538
60486
19604
65226
53714
51843
85136
13197
52623
58873
56949
37758
60532
97129
76752
14874
31425
38057
12844
36581
60726
8561
91456
36429
16910
75768
2178
4135
39774
21056
11701
33663
97893
31304
98888
67958
99498
375
81155
52120
59248
54455
6229
19779
51583
99332
51005
99359
53741
80200
35939
14466
88760
43747
50895
22021
19514
53072
26155
75639
90479
54207
25653
88371
1862
24540
56329
1359
41267
53835
69830
16866
24641
92410
36644
76223
91742
4000
91934
45482
551
44224
59947
89311
87970
10841
27683
7483
80265
70190
99473
70743
24396
25125
75466
42610
66017
48146
43968
7283
18332
30150
24148
42972
22559
77143
35546
30652
97495
27479
76133
98045
71703
52432
3707
59672
79624
47742
83507
59888
17931
99331
30631
58678
24456
6096
1287
6824
70593
61607
14106
88924
8108
54605
31895
30666
31747
83792
77670
29241
11271
53802
43638
99325
22585
47344
58996
2209
95085
58854
62096
29367
58185
9078
88045
98992
31525
5683
5815
2117
83641
36272
91040
91748
90876
39286
38766
22622
23078
16435
68215
50700
86588
11852
50024
9173
75547
25371
27733
70632
84225
89828
16350
58761
98906
4394
57752
46782
10077
79918
48899
10069
16189
56290
1817
7064
95576
40582
46037
35005
73368
14251
85704
59955
42454
35727
85479
34353
61097
13211
21336
61673
3039
37685
36785
18296
42079
94536
81429
68507
90805
30327
78575
6993
86617
96743
30408
98544
53676
76445
49900
27043
7047
35603
86998
49501
87681
88828
83853
65129
2039
5188
26802
21429
59224
63586
39724
1302
74474
37504
86160
81630
67831
81087
88623
70799
77829
19030
85694
31505
11826
35593
74899
18873
87547
61896
84725
75227
50724
84929
40355
69114
6468
83508
90542
65691
63446
46617
66993
54271
84120
69504
35900
68302
50590
24522
39100
44771
59904
41145
92627
71729
76737
67525
6953
64283
45773
91677
55861
12848
76605
96216
81961
83072
96075
72502
48763
59520
35470
32107
13790
19589
1610
66042
87891
68552
90563
43342
29674
66818
84487
22300
54899
61223
6176
61851
41858
51948
53528
97718
81147
30132
10285
63107
13204
22712
51960
78318
82231
87429
10424
12373
23370
28385
78414
11260
13288
85328
54601
42961
68498
55439
81612
23396
33014
87788
85246
74871
56087
38773
88940
37234
85257
15577
16692
14812
38288
68652
93129
36870
72432
3552
49242
95801
48288
44007
23412
61576
45687
94365
20888
14184
49803
2500
37579
82816
6639
22824
74038
79077
77949
62978
16310
63205
78554
49354
78016
16841
34357
87496
53710
6788
7399
19304
18941
55686
79662
58704
17261
25348
53068
54501
39531
2871
57000
77109
2038
63638
16285
76076
42714
94233
39053
75376
73789
33958
41081
68156
67150
75437
55651
37211
98576
63049
72866
33868
35086
52528
92572
68699
77875
45639
23199
17406
64861
96550
10866
66899
76539
27150
42974
35604
37734
98378
10979
11522
48687
52059
96029
15836
43847
68031
69398
42423
47431
42264
76290
82517
94791
85213
51215
72665
30852
90765
6422
12064
87314
17288
78962
63852
60789
38287
99455
98523
53016
26786
26396
1702
95196
38777
33889
39043
6807
3287
97817
54238
45550
90458
36754
40340
75671
4320
29356
22874
11436
52130
34937
98749
85769
30251
78952
46557
84889
78406
61431
54257
21543
4179
72310
16739
42955
6199
72133
49761
9485
86301
3998
71386
76758
57103
28077
68780
77774
73784
91653
89209
25913
42942
87957
11681
73192
83260
74590
74432
78018
36020
28688
99560
40198
998
32650
99504
7196
21134
49265
33032
7434
69614
20769
544
26717
65197
85675
4490
38980
93680
10051
81245
36621
14359
92925
26164
97619
83866
595
75636
19886
45635
91547
76435
46632
24197
75939
70179
61682
41555
19562
85468
11168
56682
2363
54236
21878
88037
75078
60857
81716
85128
42101
18336
15838
51378
44499
13456
35243
61446
5443
71480
7080
96990
64267
70063
37538
56557
40241
99219
98111
76154
84686
25630
32835
87048
96218
54712
91437
71295
31920
73152
72774
90373
7840
88611
41750
52338
18419
93344
30135
23861
81176
37214
20850
45442
7276
74739
1998
63868
73958
16460
40021
74995
42089
72855
78395
38306
43918
69831
25952
75838
59334
15077
66210
67173
20040
24311
35863
38458
34006
65997
78670
15181
19563
15872
76974
43190
90610
95323
23410
64567
11782
63430
55914
53871
52637
34308
8528
12906
20490
50832
88743
79823
65908
71304
63348
85947
11966
99210
40756
45972
81558
19426
77504
17472
51649
54478
60662
42258
66152
423
23177
77934
63852
79090
48156
32840
29749
56683
62098
66590
23866
67192
62764
89774
38496
26111
92072
66813
41672
49180
29136
23230
84957
6640
40701
36605
77469
17714
78862
43620
18136
2038
37905
98340
97479
86060
47531
43579
59095
9628
10168
82960
76820
72932
89085
31667
15394
81157
98479
57066
46688
27615
80295
31644
50606
37347
84600
28074
71413
79813
88045
89548
81851
25950
4239
95681
28361
51770
39260
87455
77749
49427
70415
54568
38710
59499
86234
54104
57007
1065
11169
3694
28679
7815
51689
79284
45161
36288
23709
16573
16101
28105
22473
14303
70406
26711
26335
98767
94832
65594
86221
72581
31373
72987
27148
70082
32486
29734
24185
5844
30798
35353
9538
75828
59519
77578
71463
4680
30218
11523
37604
62670
39627
76428
76972
26385
19491
3306
25151
14322
85252
11371
3254
16624
84358
46754
86705
33195
92839
27242
39038
39988
78946
64927
15815
38465
42505
3629
59496
72722
15151
13451
51743
71129
89879
28714
97513
25721
48371
39015
56394
49974
50386
59648
66597
51095
6401
69654
84289
99239
13247
39678
39226
92192
4605
71392
30656
63461
75020
6503
52534
6522
19954
4276
94002
26184
49341
7867
51904
14063
63233
8297
64037
29970
67944
46985
81064
90696
32990
81704
6286
46236
37734
61863
38428
42338
33254
85435
22150
24625
91938
74683
47498
11891
95310
57852
38074
44650
82070
89977
58712
45302
14625
39100
75272
82569
86085
56335
89616
35426
54391
95902
81662
92124
57764
20089
50813
7370
5523
72962
48346
13812
63996
95844
25702
59305
70047
80127
20306
52116
70103
95369
97417
1080
50821
72688
83648
36905
45375
89615
88682
16117
85516
70343
8240
59632
6783
75404
67001
28658
64717
15346
42469
28712
27541
68171
4368
97587
64649
41025
49702
51104
36393
63471
52183
87213
52510
35830
40469
97884
25444
29151
30352
27312
15845
54943
86943
22628
30346
70295
51285
95062
85640
93753
40125
29533
78275
44492
27119
42924
85516
93173
94027
38261
56643
46209
41825
9152
98390
98646
23388
40185
27796
53739
83848
59992
8682
70790
82619
55379
57436
50255
50441
59428
44008
90565
88960
38634
51409
32430
81557
36924
25602
91935
91536
82244
54495
33361
7748
52884
32006
31135
9421
76153
84873
93268
36144
9906
80410
35115
65285
37845
85369
32077
97272
45728
22641
2583
84362
74049
35013
82270
27325
60614
90557
18860
59210
45051
68572
66957
14287
577
98091
23707
93081
99315
33326
45577
9221
13735
80691
90857
67932
66059
22933
81555
28139
61925
84138
12500
35974
19150
11121
79650
79763
1677
98509
38972
46728
67081
22280
77366
84009
20370
17424
77090
19685
50749
22666
45257
80836
19708
52465
48767
2118
75397
30321
30256
37321
14458
42755
89646
49959
53876
69295
46074
55552
84156
1397
18631
51236
23677
95996
51596
44046
13419
45037
80082
80520
84054
41690
61355
3761
94154
26473
5879
85902
56793
36134
23223
87603
95241
29220
53913
65468
98515
99986
37371
82670
1383
56002
50257
41411
68349
1852
85456
98120
63241
81890
78639
47294
23579
56345
51055
34085
82817
56933
19986
55961
9418
59560
59915
4658
88780
13828
86477
3646
30165
23848
2667
47899
79849
52923
89309
64549
71126
91117
62668
34366
73006
57658
81660
12936
30354
49066
63372
13170
22350
83358
85483
31767
59269
61749
52777
64400
91928
39253
68045
22093
63100
70711
86343
59300
39985
75652
40201
27463
83120
19220
78180
72477
76878
76191
85412
7231
25256
48784
36753
47605
48493
38587
95724
7761
335
48500
72161
92263
4104
56557
30707
67204
43620
17049
42855
99956
9052
83055
43770
92171
2275
21950
64647
95504
14492
66411
2734
39748
31546
55838
3704
80038
10776
99427
4150
11111
64278
92662
19725
68382
65571
50431
51937
9190
67479
94791
9145
76531
77846
52915
85053
96472
91216
49700
91975
5707
32462
11060
61806
64007
66898
65510
60396
77673
81288
80897
5135
61918
73559
24859
30299
39129
75289
98587
64670
59120
93377
90166
52002
87574
59432
37054
84045
50647
3105
92371
72706
35566
3431
34511
99572
86680
16372
76319
80704
97660
57216
85839
59577
30774
10697
6227
86254
2338
4813
67275
61457
14541
57440
29810
18467
16872
66863
18863
83870
86320
11234
56575
21885
14664
91086
37809
17695
7457
14127
98398
21468
71342
84236
97396
18467
11285
3622
21072
13622
24786
88346
91430
55679
62138
21239
74145
79009
4453
9359
62878
90772
20592
19453
12657
51607
26890
66817
69301
34346
80943
67699
55814
68637
68286
69561
3455
79570
73183
40879
9543
14320
29224
972
69998
91361
22210
60494
86721
26663
86205
49599
33786
23148
85403
46442
74755
12292
13258
60407
62989
10553
44457
35154
95541
29095
4715
98995
8664
77897
39873
18207
8568
85449
35530
94918
93161
57740
55411
96234
754
41615
45832
34539
64763
47586
97333
55869
59877
26942
32627
22865
53846
93436
58019
49386
22530
62733
64733
47545
56981
20957
82103
81900
6405
17633
76817
15918
91724
32228
12151
8829
90194
74334
59719
71308
38271
73403
43528
98147
345
92507
37363
54190
85942
11733
19928
24823
90817
84660
88719
64149
5616
70822
46049
28373
4806
22865
60642
12881
71444
89144
38061
77990
79829
97779
49297
18099
71182
9177
32597
87878
1683
69959
58419
87624
98044
78346
28798
5212
79357
33868
69361
1325
21041
31761
46049
25846
54625
6690
55078
42421
95833
93138
20410
92013
90917
86058
10111
78450
95234
42707
82679
96916
12665
41097
891
27060
35795
46040
32272
31503
79908
17984
32827
948
49744
78875
43146
4368
1916
98223
63140
14100
91361
99901
6112
98629
85959
16222
93430
97544
58928
76108
94460
87945
33556
11702
31356
85702
57742
63627
33557
54001
81610
66383
54948
31353
61610
98093
52073
79877
12668
31564
93977
20380
31465
16440
19008
17423
49014
28789
14966
24293
21248
25777
12237
71155
53831
59945
56857
27924
23571
90413
81924
21533
73147
36871
69237
51108
51316
37661
30985
63983
69225
41313
714
689
74104
19721
34463
23117
64861
65780
47410
2460
7909
75998
73614
61739
35942
46822
89662
75865
53586
71585
97397
43085
24807
82985
94192
92474
20646
41528
72808
6222
82840
73521
6910
73296
9593
57724
96412
90805
23503
43821
93264
31411
36171
66878
9501
72112
13699
99162
47976
83637
87098
61724
26721
28257
61061
20912
20730
81706
78792
9890
87927
77983
83410
11188
51278
9355
85263
47690
159
8765
7862
93423
56528
44032
76652
66028
16144
90350
81542
80471
90338
68639
58547
17058
96895
19607
54322
33977
17664
33113
43866
21942
11095
43627
49481
62373
69333
34743
26414
69492
59859
34275
79266
32738
78307
55917
98766
10802
62618
96659
91272
52956
81649
66170
70013
78544
85776
24334
28872
19791
73798
89089
58084
84893
32715
7564
63617
18400
58658
90030
87891
18517
24304
67156
51254
2610
23072
66371
13411
85689
79381
21035
54996
61030
87204
25009
39573
89332
65694
84796
25474
55844
73884
83558
40736
22950
7473
20704
41349
66131
10733
45591
999
51388
12746
68604
53998
52169
51327
83760
54210
30707
21146
9205
91736
8350
50565
47660
14033
32611
