6400 615
39506
88454
22690
39415
45541
61992
46888
66244
19692
29370
93328
65283
46720
44715
94380
15323
98712
46549
66649
98824
17110
13708
19969
26314
5443
44670
93231
69455
58702
25841
18261
14560
30646
40951
70326
76186
19294
17213
58781
38985
62934
52108
4267
9653
96822
14999
41328
11886
77899
24328
27061
95008
38035
47029
37673
59830
8051
30903
29284
83104
73095
47544
97663
3740
4846
67989
79925
24139
1553
38705
63124
80839
7164
83742
6843
3986
98740
64522
32223
76638
88850
59283
71645
43236
22663
25670
19417
30713
56572
48700
13817
29667
12596
27831
49758
33793
12171
29683
57932
30076
84739
37407
27266
8255
37500
34108
12240
36240
14982
44462
29229
20183
20096
17226
63418
42758
42895
82835
89823
15818
47886
19991
61836
76833
64173
11594
26978
76344
57628
84909
22771
58718
38667
50036
66972
76166
495
95563
28757
15476
56376
74338
35658
76471
91563
15428
35581
50809
14614
25403
66626
78851
45393
44814
72036
9565
72759
99013
2260
30386
273
25030
5455
55291
91417
72427
47808
8264
67989
76565
40091
40717
67254
92101
17187
75168
7528
52767
25976
38493
94521
8953
33695
56265
70118
5730
65830
42876
21094
84441
89613
21366
25823
95068
93008
17239
67494
40816
41854
51834
33732
81945
92550
985
74045
26089
76152
97924
95207
2127
52768
89728
27431
86462
45992
97549
8544
28173
40424
29637
12614
30037
67355
38436
41456
60362
72026
25301
1177
13880
77134
34908
12176
86036
52244
86220
28476
28395
495
23682
46873
53262
29761
90656
39723
75753
88204
64618
20277
44979
94255
49242
91367
77961
87677
32822
38322
76055
58122
55851
6286
51608
90758
18461
37643
43002
21032
82470
87748
21526
6151
34621
91139
35912
41628
47213
28016
29831
11831
48292
91161
22437
97534
82528
397
1562
15349
38718
93968
73471
94568
16605
25078
1678
35065
79072
61031
72448
61541
48778
93973
84043
99750
1463
19954
41377
48676
64321
87559
60506
28965
78720
82942
42850
61247
99690
60763
76595
38407
71083
66417
49327
87687
91494
51004
22752
86917
12034
95199
48457
77163
5524
32500
76913
23338
68805
34641
72013
49478
22200
48870
94794
919
48163
37643
62165
47852
14757
55111
2611
85839
21528
51937
73526
29373
2940
12629
16290
31325
7827
81098
8487
29702
29949
1751
69392
15106
36392
41404
64583
58591
6626
59376
75861
54788
13370
38025
2640
28126
9487
5250
30317
31014
73538
3842
76739
92829
16470
93028
24153
40648
90477
48991
86702
20426
50742
56093
35531
3485
97496
16465
78427
4121
92192
54287
75261
5561
8663
94252
50038
18149
15853
80354
65515
89390
84195
42253
82218
17016
51632
22722
57664
42108
88064
60717
78885
38805
16809
14415
58641
30656
30879
37067
51129
23070
91353
26389
44982
15
36992
95020
34516
52844
91725
30
42233
92272
58634
40802
9287
10265
79875
83302
68724
67938
44018
47609
23095
77178
78375
81735
7834
9254
35154
58962
48675
26506
1702
10009
42873
38693
21380
77388
91536
13104
77417
50120
5375
52402
7273
31014
79018
87147
30667
47741
71436
91037
11701
94530
68214
90076
92617
76047
15681
27770
51360
80707
54275
53061
90715
13499
91753
12094
90886
99640
41550
84654
49759
63276
37055
73383
10641
16072
60529
41308
80165
31965
32344
91865
42846
16909
98292
35462
9308
30324
79583
60667
11031
50210
30080
18097
63708
38184
46543
54594
37824
88092
55599
3934
51367
92654
93669
62008
8725
54197
19667
5241
2513
68362
97106
61711
85270
11749
13524
10929
42073
93107
71596
69455
59668
18027
3903
23375
56210
50445
94320
10385
38536
49919
30671
6255
58924
24339
84614
67648
94887
4280
89241
13752
88993
2698
75462
74262
14446
5337
85191
72870
98443
73138
42324
74462
7516
46227
97837
63725
13023
8508
90462
67911
58426
37484
74165
17349
61822
75130
1349
73060
79409
90589
86811
68401
93286
78624
59014
24083
83961
60556
96953
98755
50045
55628
73217
57560
18206
87405
37637
31229
95912
44450
99139
70690
81933
89655
4390
43754
64784
5738
16813
60544
12678
19976
45296
22315
98599
4309
62750
98911
81217
59702
97666
47613
15329
87234
5173
33535
74638
59161
81115
86901
3610
80253
57590
85542
69907
61980
45647
34690
84069
78811
95233
13099
98786
40528
35413
13737
61188
98162
12647
58756
74215
26664
6369
5896
30249
27893
55782
4886
87053
36896
8139
7014
17148
65728
92555
3406
27707
38201
38095
28128
33363
49679
41226
32149
6558
92990
45885
84097
7504
74883
42853
81718
17899
65573
87613
48147
93465
59746
69385
96869
96641
77523
3882
13788
59602
12788
33545
3661
67340
71639
31788
702
37669
73013
49202
60578
82354
95086
44675
89857
86321
3879
87927
20571
69451
91891
68717
79267
51637
54453
92487
48277
31975
96368
78417
91577
25507
11961
95237
92846
99952
43376
9899
37620
32740
59101
98198
15093
70538
59224
21302
56858
63102
9228
77428
48904
1118
62497
28170
52754
16949
20656
17383
65276
33375
95799
56852
58881
24111
68440
68078
24062
11815
77976
78034
44554
37076
92583
75998
7614
68158
97299
80823
31259
6526
74603
96514
23996
37099
41035
93101
70399
78042
10483
35674
27768
22633
92525
86648
46744
77316
71077
87157
89130
65404
81542
50035
18832
74124
26033
26445
42281
23331
23619
89891
46209
98221
86404
70204
51671
43790
63304
22070
21831
90139
57743
49598
12771
66620
52597
75866
43935
40025
63023
49417
5429
44564
99451
24260
35040
41835
67056
93672
81518
7026
83563
27726
5247
86318
14281
73269
46460
77584
11690
68290
84074
69433
34240
96845
52404
86836
72710
96338
26861
52084
62106
48641
13000
61557
72900
64391
19743
56307
58062
1260
63332
57976
45337
84930
60646
75969
58199
7105
53553
69888
75394
53978
55672
9633
50822
8075
12821
39884
20765
56033
8319
82870
4673
21318
60778
93924
85708
80521
50230
60122
98132
13561
18097
59821
98491
78742
35789
73041
85846
5693
59280
77592
59671
31304
3576
26844
55730
16396
66727
76494
88780
75046
59364
93452
12715
36493
87375
14775
33365
37604
74896
31497
67517
92992
7669
82359
88086
43457
71751
90283
65502
47382
67874
25172
78685
87802
52015
34415
20549
35094
27260
9329
10139
2975
2780
39205
39468
6507
53979
72832
60462
28874
20680
27978
38218
28348
26688
26303
88157
98438
16585
53658
62172
811
95181
40856
88612
47195
91622
9160
98640
18882
18488
25130
38208
37620
64335
77675
60478
18313
66859
20939
63539
87538
65269
1756
32238
91956
44410
36746
6746
60994
90403
85269
78156
85583
26124
66767
49129
34098
92279
47769
69331
27118
72898
7538
64737
53584
1565
25214
71897
68423
62505
51787
72312
27773
53542
20901
36080
97951
57646
59177
75296
64400
44445
69804
49982
86921
52922
15463
21018
45200
79583
6700
72318
68832
14237
53406
22416
32153
78620
10664
16927
57476
62450
89239
85248
32343
26491
21327
46645
84137
96856
38292
48536
41300
8095
14870
44572
61017
46684
81941
6216
26266
88640
94885
95097
19229
48291
33864
51381
43262
44527
68308
737
23328
73898
2336
55670
16740
40014
2314
876
36869
40606
65764
94521
65052
96985
39092
26068
43668
21033
48636
86285
9672
43520
97733
28900
8162
31597
96633
51423
92475
64940
68511
15803
55189
70846
87824
71928
10860
6490
89156
47728
47095
71271
42248
12146
68255
97692
54566
28274
18724
3201
30910
44747
63072
28642
73647
71234
76590
86631
22656
69065
51570
7519
1219
23110
78364
89042
95037
89223
11883
544
53303
58977
71814
11902
87475
56420
9593
58392
84693
44668
61592
15602
89415
24663
60596
79413
12248
37185
66043
51256
22601
33964
58774
23819
57073
37137
29213
68461
42712
41095
69005
12366
16424
40818
40619
20250
97238
50212
78641
98282
11231
56584
13884
645
97598
74479
80057
9846
28015
46099
61101
50616
80062
36226
90786
53486
89714
36350
21947
32425
93797
90951
61142
10220
31768
1761
46821
45357
68324
25461
43639
79554
82044
73874
80199
79641
64704
76607
5838
92718
39058
66938
59685
35471
3163
50471
88957
92877
3172
10903
41653
96968
18205
2795
23539
49972
20907
70359
11681
89230
12171
55319
85135
10566
45544
65333
90207
10247
58292
12396
19316
97349
79334
79001
32819
98848
45823
21775
8076
48994
49029
49729
45962
67233
68875
69500
33557
6133
56211
45237
95362
68381
16907
80496
95299
62450
62181
1857
89048
36824
14252
8363
34172
93585
87363
83342
8785
33185
21469
16860
82179
70497
82940
44492
37730
68166
30343
87638
74298
2905
32874
86011
87638
66132
82859
82936
44933
61391
84792
33980
98214
99043
42342
32385
8980
29705
32078
17764
79241
53546
50975
77771
24043
50267
22262
78124
18432
68957
65761
92730
71861
14986
95092
59498
81117
77950
42433
26049
39340
27224
60028
37553
42619
18721
86289
51598
48425
18367
85713
44018
71912
36687
21788
12306
86953
60402
90429
21737
29358
72541
14466
1218
87526
9557
77068
84994
3859
19500
27394
43198
63076
87421
97103
5694
22494
83391
57291
87270
18109
43003
31287
90021
96041
53075
2326
99346
29828
9107
21082
59185
81647
51899
76754
69173
77807
53821
70518
81665
73321
97912
41215
36396
1684
38317
42089
24177
38059
15731
11447
56168
75085
42733
62540
71125
12159
81217
86822
41986
90323
24255
17522
88322
92505
94276
57494
70312
48096
28011
68328
37768
42274
9542
90515
43958
64210
48955
68134
2269
81037
79580
74788
56121
38665
37327
43598
50823
34895
46771
92809
41570
71026
26682
29891
63530
20957
87384
50193
85405
31746
18521
39524
74020
28062
46391
34329
8624
11697
2462
10892
92734
98394
2031
48854
37058
39357
8803
87880
90603
55574
97040
32172
42951
23722
62062
6480
61030
65797
56673
46434
97543
91545
2310
87914
19606
48700
22242
44581
60396
41055
55472
69481
39448
57502
18335
76505
13210
43489
80737
3813
99062
77776
35984
42012
17849
14398
64844
78879
80194
37868
41664
94088
29412
43973
98353
65369
9024
36946
9950
85772
78001
81773
55252
17448
39275
89938
93953
68836
49779
74689
89000
48840
68816
41336
7204
86665
55733
88399
81895
35926
26266
39910
46366
55677
235
44718
37397
9258
81664
47346
11381
59664
29119
82985
93463
84745
72922
3767
69932
22700
94807
58932
87892
63623
267
11447
66639
72351
99845
64885
24628
42462
4794
70993
14490
5028
32063
51886
30638
13726
99232
42018
89741
44702
25002
83203
29446
14276
86970
99377
53327
81776
74660
57570
61750
91278
69016
44740
63628
85212
9624
4608
27673
14418
91952
42162
35797
24014
94048
66434
54091
9631
24804
43831
54332
49805
43386
83777
80432
46707
99505
33759
44834
74165
91328
6584
81794
76696
67675
45422
61907
77299
66381
5932
8068
58332
48093
43864
98698
58492
10298
52788
68122
35101
12971
22453
1257
72708
22581
98041
19414
38438
48151
64247
12602
55830
87182
94395
32525
54857
56168
10784
48507
38900
16715
56574
97232
64807
437
95929
23299
27086
65068
7772
78538
94390
30225
79795
67097
69157
77835
86510
7594
42337
67109
36547
98166
70642
47294
30691
41850
19813
41474
90356
58713
58188
63281
55944
39346
80070
68224
78996
7155
49643
86768
85693
44033
33344
81839
11129
2500
76025
13991
26446
18361
97451
62992
16526
68092
26637
63568
26294
46450
5041
33001
5162
79580
96282
77457
35278
76351
62032
14273
99857
11674
1040
85549
72058
34383
67387
83187
53235
43411
13529
79680
78123
10979
59023
94649
79070
85660
58216
21715
48461
79609
54716
53622
59188
50997
31078
10817
43699
9461
25090
43555
21134
42481
45456
9544
93216
12842
92730
46450
72605
6258
42481
50727
33588
17855
61727
12657
19866
19943
34372
68326
99551
5439
21947
75090
56435
69376
85907
16485
95188
27348
60039
32674
69828
21846
42217
63043
51040
51298
25844
39996
57555
84676
90722
7494
2531
68801
36502
22396
88743
70873
7074
4645
92663
45372
96086
49097
31100
98344
81933
26287
25691
58324
58960
11871
80169
1176
74913
31208
52473
17109
71203
26379
1784
78277
33872
4314
47077
70374
43062
52171
57598
50135
73167
50261
11858
85604
15709
42957
300
13994
69244
42342
72317
44555
54212
68837
45731
45477
45
14555
62585
87599
57286
64368
82227
91157
85034
45655
77882
44447
14177
51832
10933
3695
18444
22790
89299
34152
65747
89598
64497
51342
31939
36813
95896
2503
5650
57978
47979
22046
72533
26915
25996
29818
91282
24575
37326
92667
70229
15208
37113
758
83391
48045
4452
1834
70835
93750
52337
52933
99699
16834
4274
31638
69998
169
50492
75647
58147
98470
14044
47031
25384
56392
76848
33017
80966
14173
42036
51194
45732
79148
51951
29122
27193
72755
47307
14379
66504
99644
67311
66203
16477
71584
14192
86474
71752
81035
78473
46250
79504
8868
93280
21239
65259
86479
70607
46224
17004
12642
13770
62735
8142
82072
8209
35334
54826
55515
49712
21330
71510
17022
3884
87986
4957
34427
90812
93060
15461
69284
39310
11316
78151
48941
48906
59762
35420
19512
5985
52423
48506
19754
31509
56647
1826
39717
8332
56651
11584
74395
94332
83093
91416
14567
87431
12724
48993
78242
5783
64453
63877
45092
92120
58379
94033
41025
18140
29452
76889
40477
98226
25394
60230
29734
98392
78407
69451
6723
51410
97386
81117
45741
96830
88884
76660
84260
1607
25652
78853
23741
6457
59081
68833
98576
33812
79217
55953
51951
25020
32841
92427
23245
74586
69009
52978
72977
63767
38780
96051
15176
52517
93519
77269
49347
82402
53928
49958
360
79579
28811
24100
2387
4243
9284
963
38054
4852
73267
6357
46223
6107
98783
69467
80692
84143
38797
70020
47910
93928
66070
63085
46445
59588
40353
12143
58341
10632
62100
75052
90211
7262
15503
92597
11505
24787
9911
49558
45990
83177
55914
92213
5635
71049
78031
2678
55191
33179
72697
19452
43459
38766
98889
89903
14705
39241
2045
89397
49873
80496
64448
56435
87758
79951
65383
99262
21089
91646
65171
83430
91174
37437
75642
13161
8485
70025
15838
80027
19555
88535
99479
63013
43652
98367
69267
58357
53959
87663
64105
20183
68159
28553
92969
72268
24855
74704
71529
45943
66349
53051
29372
73874
90487
21366
87034
98971
7742
2872
95350
27296
7758
94828
6661
51409
9546
75927
26117
79856
63590
90222
16391
48100
35126
9359
20367
59980
84062
8247
5922
66762
61297
51645
56988
51784
73010
44021
67106
97103
63244
62455
40751
71001
73634
47411
22410
83179
23337
48526
79387
3278
55099
95777
51377
90224
5135
88095
50203
5549
96341
72476
72310
57638
24121
29297
9421
13482
89670
92878
10585
52913
55333
51335
23914
28966
15097
62675
28497
38433
27552
7883
58063
82651
3659
25791
89226
25145
13886
39429
30693
10226
28256
19355
67863
52376
65003
93635
82210
71024
86513
9146
23937
58197
76832
64202
3514
91928
43228
32010
46712
70779
56244
4774
69781
59902
30565
59007
1399
44450
14787
32091
71027
43042
67797
38890
11770
49152
48876
93979
20175
51740
3124
60463
9936
79955
41016
29802
88234
84243
61811
34945
55022
18055
39719
24802
94308
86635
83808
95706
47436
14946
44149
18462
57988
28297
73703
69757
77448
22579
80087
97623
90670
83210
74437
16958
79516
15453
46759
67749
99695
8569
19045
54716
42975
75115
95870
37283
61749
96029
49340
9184
10975
93488
43998
85314
21785
17700
71422
15584
56630
51508
29558
47300
34717
3995
80609
30584
19447
27367
14684
35493
52287
33728
6561
95262
8843
2430
48896
70591
14810
98235
96127
25784
8075
40124
27449
46211
74175
98870
61794
30805
50377
91352
78104
1445
11698
75064
32028
47496
2430
63063
82988
54716
96791
89548
66329
5633
8329
31576
92575
23139
46163
5053
65274
54237
61528
92723
447
35703
91592
78592
66507
58321
69943
60962
59765
97992
36025
8145
45487
54806
71207
28475
25873
67997
34374
92202
89981
59055
40129
98908
98545
86291
3960
80170
40527
65488
72892
57325
17542
80836
52269
84048
55508
22211
61361
15272
36555
13737
39768
82041
68542
10975
26867
94414
95323
77593
2967
85304
36647
43096
84211
51543
29386
4522
31712
86265
86361
20956
59941
3902
18143
12209
87949
73650
50772
65661
5273
87326
79397
45041
85718
47938
72367
12585
58704
67689
90177
61670
69344
43175
21117
69906
94717
66855
74428
26428
69471
60788
47383
45763
81042
65525
57972
68990
55526
25095
51003
60799
28772
30399
22191
14489
94689
94557
43425
69744
78597
33601
47765
47941
93127
68882
17846
87843
52088
8625
14271
21558
85765
78005
67320
66806
59882
41643
52147
15407
83089
3149
76205
11860
49900
14747
42701
60940
9303
2477
30683
87900
36078
94799
52192
45556
80032
70037
33399
32119
95014
64021
53676
80778
42025
20996
47583
1906
78990
16081
33665
62079
19230
26221
73938
85481
40968
32990
46420
50270
35467
93454
54521
87896
4604
6712
33451
84636
93101
83201
16754
88114
47221
70430
68891
5598
7777
32825
7503
3118
48905
57519
65196
84486
83740
55486
86318
24707
88475
49089
74976
40293
58894
45849
28188
63498
52560
77991
48133
45660
61191
81238
33773
24764
51667
19015
30361
75795
68191
54215
78913
33448
11734
60460
17933
95473
15945
20603
20179
20772
69691
11506
61064
28585
73706
5604
92082
26266
83594
56566
88277
61136
37803
22050
85899
5822
57416
32611
97968
25607
3178
76880
75406
14911
37340
9690
26735
69636
30292
63265
90407
99983
91122
51471
28567
64828
57074
37000
91093
57019
93565
79369
34506
31367
17770
36757
53540
91538
69367
51508
33496
72544
28387
8901
3806
82078
18590
30540
51714
48882
93804
58472
48864
84926
9942
93782
49753
83367
30781
57197
40385
24345
52917
74891
72063
70687
11647
41955
62224
97365
93462
95719
69909
38200
20971
73714
20278
39560
20606
88343
88441
14409
46814
53656
15686
73108
47437
81790
56474
94569
38986
13211
18913
91903
88101
7328
78941
16099
49282
57516
13463
42743
69586
99723
97294
90556
89789
33923
30115
10394
38617
34908
41154
85431
88563
56840
74890
52352
54981
31363
46920
10319
44573
82185
18573
49025
5864
97513
81475
55145
55028
11290
14239
40965
11012
27884
31520
800
61807
77986
27545
423
12893
68699
2205
17808
41890
77094
70159
13222
24809
33430
23540
85733
15614
42112
51110
21477
55976
32584
92973
27355
43873
23563
68319
71237
51447
99838
88388
13253
77824
15933
30027
7068
983
32232
24875
59224
9325
11385
72445
50485
44815
95985
36218
60428
54448
87327
98257
10424
19910
91229
37778
80135
31144
6097
51371
98942
22286
56110
28546
109
88394
58572
23529
89376
90803
48403
64951
16480
59788
37396
66964
4602
49732
19533
81381
4179
6859
95989
14602
26769
87218
68732
23255
34713
74828
90977
33654
97113
47086
62199
13574
35480
37122
37102
41207
44277
1856
6158
60756
77995
59905
44071
98948
9636
63604
80329
13814
70462
76317
44768
13582
79886
13499
53188
30950
4678
44164
64603
18142
7602
43153
48067
59433
96627
85168
639
40903
3376
23148
18010
81370
83052
78432
80318
9039
42035
60646
39205
28849
53314
83972
58782
49552
13822
11970
80501
34851
72485
61456
52992
80086
20960
1059
39518
17586
2578
56509
74840
5953
96008
92849
87323
79060
71281
83992
4450
29667
44637
43654
74867
14302
43977
33649
80205
57798
61970
60706
92648
50806
38513
61992
47244
59472
63050
86761
93410
81979
59621
68249
87932
55629
77450
91606
51040
48730
75597
55489
94748
36585
99143
69615
67238
43119
19615
47443
17269
97936
8148
26268
48741
46660
88259
95984
22483
67660
99097
32244
49639
58717
493
53922
30697
77942
45527
81736
43023
37475
37225
37770
74059
52719
23736
41296
95837
43350
88738
29457
41285
13237
55725
6378
76248
43983
2361
15083
27995
17809
47326
77633
76526
64170
47906
23574
58463
93432
5310
1485
47258
58886
55607
21316
11604
95694
78963
7440
39044
84053
53249
96680
13641
8973
3057
89889
69307
21770
21323
97301
39578
68648
91285
32455
32818
39190
56029
91280
48973
77690
9117
96230
36575
81075
33897
48178
76768
12860
71969
32163
13264
25217
45195
26904
34189
64603
33144
19848
86372
54466
33500
42302
23114
24785
91108
72283
80326
47136
79914
29299
41177
5382
41880
77751
86456
75777
42280
79576
4988
14249
28090
18251
55817
73284
61506
6358
37887
94650
26205
40610
49115
59704
99263
88580
840
90371
60862
81166
53858
40776
26816
95035
46157
68695
89137
48965
60823
31417
44892
65810
45665
72981
412
17833
62617
78270
24190
16855
72919
50394
73816
22033
26450
73079
10613
27289
63449
87826
24806
33658
44953
51621
28692
91110
36668
17829
56426
97490
65597
1317
79652
27613
90649
96415
45445
53265
74684
69635
70119
63954
36380
43935
85987
62829
17013
12951
90118
96813
17128
14923
30470
62081
82896
75514
69542
19563
9694
25967
33404
75290
43635
29407
19254
34283
42174
64698
87548
16857
50684
74018
80811
87064
17952
83149
49892
51316
12451
56361
64480
45930
87636
11302
8010
70531
3167
77551
6445
12860
19869
56200
4501
63503
85607
23754
14138
27780
4803
1685
60988
55487
92054
58150
58902
26358
57650
25145
94025
86452
81506
58505
32382
85493
86158
40391
56023
89324
34294
78819
2183
70514
35018
23035
34017
20624
63140
64506
64755
67942
82542
42095
39780
74595
16596
15033
952
74246
40178
94977
77049
38035
69833
9430
23527
55990
66173
95901
45313
16818
74719
63847
87331
9736
86881
37699
30360
50020
2204
11466
34313
84745
53560
90445
59340
86508
5477
76643
60753
62006
87971
54153
40
57803
63583
39918
13792
46107
35818
75456
62924
10536
39302
50254
20272
26182
87953
66983
92553
6508
78448
43218
91253
48360
33662
66944
34867
55490
59938
11971
33848
47909
66123
50239
5711
46057
90157
35855
92163
25974
11310
71438
52862
50612
38044
73133
93145
42348
56467
85698
48855
51266
28915
56459
99625
78928
23402
50843
50769
83340
79165
84616
31248
61640
51207
53310
24048
41363
89164
32563
83688
474
4000
36549
51085
42043
26033
60581
84390
82499
46278
49597
33765
91544
6055
49741
86823
45809
16936
37592
45500
12452
38559
93099
74091
89765
46408
14491
47479
35572
47053
47519
52397
67404
84067
19833
25799
26452
80413
26540
8950
26691
76136
59066
34586
98543
8807
37761
44351
42094
91704
89850
54545
30262
82948
44988
36379
45707
59478
209
81278
22882
47727
50026
6637
48146
69858
32435
74597
50271
58975
99898
93313
51462
58964
44250
50004
67770
82010
94354
26215
73713
555
80759
20327
99854
42098
56705
45561
1575
73265
43190
40808
20992
93216
47445
85489
63073
79879
60085
29695
55205
59982
23007
6667
18945
67257
73022
3066
65618
83728
29280
39331
84282
26391
59657
84136
68488
32713
29696
86415
5977
72885
27222
43320
82452
91018
28808
45525
87249
88892
75219
42453
65226
14578
65471
522
98186
54845
3588
63803
38572
49219
19485
39205
75609
79141
23340
60449
11853
69387
46863
34182
58624
90436
93853
41075
81454
22661
2951
68702
27904
78170
27506
9481
9099
9329
10003
23636
64173
13590
87438
2744
79160
6923
41948
71121
2415
81640
31569
30620
67378
94783
81153
26001
1570
75005
83428
99375
97665
86378
84428
41921
80899
11934
51401
89997
21262
61403
29984
1786
91344
17422
20881
86856
40696
79180
57976
59462
60819
5896
90081
44549
678
87585
86901
18599
62590
70328
17974
76606
56706
2401
18526
37604
30686
86279
43953
68299
47681
73936
70084
55377
7709
90964
42232
64756
70144
207
40570
47314
22454
47002
8214
39483
34587
95115
58081
97176
65442
76054
73781
38499
94807
92307
92455
25492
78585
36407
93791
42617
26694
63874
97993
50755
71190
56576
31862
57685
73134
72431
21350
95587
19433
29564
35069
54019
24678
93150
67546
6471
85555
41326
44970
80361
49984
37424
5853
44920
90182
99643
3889
33227
79868
18233
83981
51057
74809
32195
8741
47942
20977
30091
59881
40409
76006
94949
10779
683
4450
94676
7153
90005
36002
68474
86717
2337
5897
92569
47257
96078
8563
67497
45657
4783
85729
45989
55839
60537
78183
80932
24831
99160
27374
84711
55920
19731
96011
83051
20413
16813
77726
43917
23169
30079
28743
9885
32416
34639
18806
96024
47069
43720
63520
92725
48502
49248
38713
20693
26137
33248
17976
67319
48759
61701
68381
4678
81431
64391
4080
18195
81203
81806
78463
20723
11884
7205
30608
60651
41844
49413
56674
5264
9484
36545
14340
57986
85793
53052
78678
28281
2651
13005
95599
51409
74705
63979
56087
56135
44721
76518
74329
42276
58323
52791
62998
86559
59996
93605
63561
18191
59369
20235
39806
68853
56779
54145
43190
58923
23548
21867
3555
26199
34871
99153
77607
9575
63131
50045
82061
24204
26563
56389
66479
1237
25531
29476
4147
1878
39433
67708
36420
98801
4294
76225
84005
77424
46721
27194
36347
70269
65412
56253
12819
282
55406
90425
26208
34888
56822
24620
59091
99736
97360
25569
17324
39243
71397
21471
41120
10829
5530
93892
25981
9823
86468
9986
87246
33189
37179
39944
19809
2591
96197
32627
19224
51602
39403
61784
2841
96224
2755
61932
12311
115
3852
29635
39357
75248
67457
96828
86076
72986
90719
12057
82808
77187
38394
86405
26727
75572
26349
62887
94514
22545
95513
30090
90498
51267
8225
9690
63843
10979
71621
76153
11093
75473
22139
50449
67072
89595
63629
53148
62580
54347
81556
61739
47885
19949
48144
90963
11872
74492
53849
22738
13388
65713
52827
20237
16980
61051
29926
80822
72029
17899
56974
99474
9723
79113
66274
76794
85059
29902
29941
47639
601
27848
9377
48485
64148
57520
55800
76020
48363
9648
15109
61750
91713
67935
98338
8692
45337
28264
89513
33717
62514
62838
33190
72236
58302
15816
49029
43361
45717
95322
90999
46317
23169
16727
11154
3669
90599
66953
79688
38961
92952
11148
17063
84664
79082
15400
9707
40770
60015
99219
90838
22528
78409
24028
94763
36710
56195
60144
80070
18263
55465
87420
80932
94985
4147
92085
98653
11097
75389
94692
50057
84692
5839
67119
85708
1272
98871
95414
42041
58885
10985
32879
97765
89393
73258
8879
26102
29452
69022
22524
64066
24486
9943
44997
19471
30441
37081
18123
41537
28821
29167
7946
13513
35005
75064
15572
36277
90286
10985
94669
49171
21969
43899
63287
27713
17156
72165
53815
62959
41187
92690
27025
65672
18984
72021
1494
49425
25454
35969
7313
70626
65135
15258
490
139
6674
16061
52767
96959
43398
47436
62481
65366
91334
25767
93079
24842
14284
63245
4152
55470
55934
47528
21141
91269
19549
38987
40693
61354
74955
64358
31979
40089
95967
48821
56579
18992
64881
9346
32303
8278
73133
11135
89996
80818
53254
99426
22011
67537
79022
26163
23006
51307
73690
60498
42575
9590
99484
99620
87295
74438
63977
35626
30878
76295
84446
87457
95287
49326
13154
27589
73956
2638
38723
63951
99807
8328
63376
21818
75864
42397
64332
98869
10055
54373
59367
52629
80315
75202
52248
67609
65992
16224
3234
96869
92519
87679
677
4157
53357
30182
48097
27312
49171
3171
7614
48978
11499
87341
87147
87362
46089
67830
86231
56143
22202
61949
8771
2516
37150
61019
70125
19493
93594
89710
16362
2464
93741
33390
6620
47097
63572
54716
90760
12742
57887
14725
78071
69385
2065
81569
73098
48153
49398
59328
4295
87952
37628
29417
90467
91130
90435
76943
10622
381
66653
43335
2844
76745
76725
25816
23841
40296
80531
30952
69389
54769
45676
63812
40505
64092
61732
13603
12244
11130
89282
32890
99081
26910
78658
5899
18039
85445
82842
45012
85825
65846
88347
88668
42590
65071
14483
82782
21718
11366
30085
7458
66134
92112
71269
6639
56203
33001
36593
68446
60482
25874
17687
75914
52783
96344
81812
87173
81788
81005
32185
83964
46850
36883
72632
5791
1953
3466
4924
40022
31183
35008
47479
13669
27119
35100
36659
99673
84452
73251
68118
44933
99124
2156
20846
51907
14852
19009
55431
96639
14
87615
80603
63215
40849
69586
85358
42801
89403
90281
82822
36938
41641
46653
50606
85111
81752
87264
84784
66203
60514
69253
27487
59637
87761
64684
27895
2612
83692
83326
15602
57
87292
12556
79624
28141
98493
64981
87293
87896
71613
86467
41185
29605
33119
91790
14716
14870
95405
15851
97424
55918
1455
24910
31906
89215
5945
76153
91826
5988
75830
23780
22397
79473
36335
2020
23965
34828
83352
11258
39075
54964
97724
80259
921
30842
72048
31988
62063
83804
47838
75838
39721
49292
17099
87978
54859
23043
80482
63036
45382
72663
86815
67778
52136
23150
69797
76100
57977
69500
87357
13403
40816
1432
93661
41736
48625
82060
73723
27039
65863
37912
2876
21935
3555
19974
26264
58413
59368
6746
21449
4750
79408
8263
72527
31543
47764
58676
23995
22092
44527
11351
35494
85342
29135
29154
27077
77759
11213
17151
4798
77075
55062
24025
99009
58617
43999
41625
17029
19718
48370
54829
40819
44129
79444
13346
75672
27207
88373
16018
49299
32899
27368
1144
18241
72854
30298
61669
50613
57862
95172
71762
51289
50233
95786
66649
25201
56136
8273
58582
75854
72994
13410
16672
17123
9205
46369
9146
36412
51093
25163
2062
344
68882
3205
34936
41736
49854
96604
92348
24068
91775
80461
91708
58360
76246
58356
83560
32382
82981
58493
24587
55974
88255
57610
73096
97459
20331
82241
50222
71423
7403
52283
71766
76285
71840
6701
18020
38045
19657
26719
78464
27783
7179
70171
2494
99776
28527
2406
48509
11507
60898
73095
67480
49152
47057
56928
62963
67387
39168
13184
55161
62923
81819
43279
55559
53658
49979
89930
8054
85987
33000
86518
30122
40178
56688
48967
56305
1566
51372
4814
29424
28622
94260
13256
94125
41316
70183
57087
25054
25702
70271
80215
4976
52089
23493
60534
22098
89823
50463
46503
92162
83462
33020
38635
39991
6060
87601
96296
7625
55325
17461
37049
83946
11720
50304
94422
69388
36838
51509
94441
62539
38131
91007
67515
6571
30851
44400
45020
20674
11215
91522
29187
94676
40894
67821
51019
46953
55421
63666
70929
10745
81126
24329
11042
92845
90984
5464
78584
44173
73324
73025
6712
27806
80383
90578
50728
11234
51329
95747
31907
62543
3620
61093
73571
60865
45265
24589
24169
685
88254
11450
27782
69379
35778
55175
78575
43114
60638
57159
87286
50313
46535
10349
94470
26917
17278
45197
38150
68607
57295
86408
31149
60915
63852
4719
38131
9116
45659
62300
26153
33912
73749
53934
19642
25878
25460
98217
68991
2450
71727
56277
52762
18261
66625
47232
45177
83903
92428
99679
52509
66075
86086
9
43341
49938
21080
81471
75405
66738
60122
1557
17002
33870
71842
36643
59748
97302
51211
45090
99751
22937
1366
68864
41197
84343
16095
2726
68245
24875
2404
37105
90949
4841
53465
34289
71130
74544
15759
46535
41282
75881
48091
74635
26102
36285
11277
2201
33586
62488
47291
49688
1776
65008
18551
59325
49350
34646
62050
33946
75872
80805
87402
66820
85645
40867
17460
56775
15410
49570
19661
73043
41802
84103
47677
67904
20387
75306
86456
53972
54145
50098
3659
55920
15106
38562
15244
80807
73207
93645
14753
49078
74449
2154
32249
76446
59372
49708
33220
74782
15629
69232
64176
57431
53334
28205
41686
73721
3510
28141
44044
57654
78239
64055
29925
9696
2616
45169
90502
92174
55165
5254
57603
29614
23760
89851
6059
83131
55910
55630
74264
87890
24861
38440
45320
78194
82996
87005
68266
86505
31498
28662
60510
9736
92716
90434
35783
11683
51954
26284
3856
7119
47890
77810
53084
71649
84012
59142
71131
39921
31123
61747
44162
55983
186
89482
50528
99533
92838
35146
86037
24335
63807
62898
50422
72874
53331
2556
84556
21637
28840
4763
45107
76729
82572
98190
64729
66583
73683
35859
22855
4805
97605
67016
77139
14142
72849
27666
13674
65687
79163
16062
6373
42969
78959
73147
32194
48642
75702
16749
70278
20893
37863
15384
97621
20434
29925
62349
87016
3607
14560
26222
8411
12164
93238
85549
42658
66086
29566
56331
48124
8729
88745
70849
68049
67703
60347
16595
32696
36048
33343
2973
56941
87558
34708
70913
7991
64632
33262
11359
68238
47821
37580
93000
76336
47169
78548
18993
29607
24466
91676
94082
49546
96772
64930
33946
64474
25276
50540
97170
77676
83883
16494
50968
71440
67554
38232
95782
32185
71493
7140
16775
35665
61072
9774
28353
24592
88322
63697
54198
12787
55372
48280
78684
52143
29561
12629
32969
71189
63169
46490
65216
63403
79335
32535
51194
46888
70766
46975
79073
58611
70467
12199
94275
47890
21972
38979
72481
10293
2676
43031
39431
74399
7662
18114
42894
37222
30743
92214
24762
10263
38703
89977
73665
34389
38863
24858
81277
9629
71832
76701
68239
58650
88899
78865
6539
10870
17844
95372
37515
20519
38402
93297
94917
46063
27763
54162
99636
58505
46375
40750
85119
85077
47078
58783
35818
85941
83640
17094
95569
71823
93794
63807
46825
99044
42671
53363
9913
76866
65086
63779
97384
3487
57076
8653
65901
84838
62814
81889
59694
9189
22638
44812
10617
69715
19946
46434
72007
3585
79879
67575
91759
90024
47733
38583
89067
6756
8298
15332
83621
73383
95462
97357
76870
52537
6009
59122
53726
85174
41010
13419
10714
79999
74582
21331
49714
94527
84116
38072
14463
80347
5647
6222
70370
69731
44804
75789
76486
53101
91120
60107
26484
86581
73815
19705
55470
79823
78826
9195
81348
19836
38966
92062
16186
13547
29744
65899
24426
30211
3971
38888
10557
25969
45109
80927
95699
6265
56715
88537
75717
64186
64995
2200
67118
38809
38256
38939
34983
17082
48134
16330
53269
3451
8391
69454
33349
54486
51705
57774
84697
72027
96662
95253
14347
58122
92531
26397
64386
49245
14933
56455
29782
79927
58654
13252
18735
13262
52190
70069
46695
16675
86399
16315
20125
11141
2120
53474
65627
53824
11247
66675
42202
24260
61927
56548
98734
70810
82945
79471
20054
14229
35925
66188
94156
10931
79439
29242
24192
31628
99311
70886
48303
2061
87200
84779
13201
89319
38252
95179
59495
65851
61853
1696
6462
40132
74596
5195
10941
73892
84666
47346
88120
36942
29885
98627
47872
9323
27869
72063
57303
43531
59300
5605
45591
46499
90383
58791
52170
44987
70322
28016
27189
48526
46063
33650
88657
20658
38845
15949
10901
39862
79647
15373
76803
9531
13999
41027
35206
58219
13089
92508
1749
72389
14464
47339
35239
21198
22482
3760
66184
9155
31775
93372
57680
77838
43374
62689
14847
98570
78637
25748
54783
74635
41120
31585
84166
71470
72611
19371
29689
2052
28230
31437
90792
42693
95128
42382
63890
17609
46142
46426
26763
94268
56149
794
88457
15874
63482
3304
14443
58471
45403
69225
33105
2874
17162
33622
74343
6124
52992
4031
8175
97573
35468
15318
40265
30595
57700
20507
64555
20193
83284
7669
30812
55784
24814
19269
71658
88296
22572
86100
46766
67974
71677
96222
70847
88838
29844
61541
94961
99187
65572
3136
96760
17391
34805
37024
47985
92504
73882
28891
29048
73517
52911
59860
29301
77724
79128
958
82371
18051
3409
29136
2376
75085
25358
89574
63922
55201
51114
75235
54387
16685
94722
67498
34075
29526
4522
98411
38382
94755
43653
67429
68272
96563
43640
13924
90639
22767
14881
73009
40817
34641
18497
43192
26078
60206
32765
89999
31758
83879
65233
86144
16915
76306
69994
50990
5832
74515
65752
44213
85621
9405
27993
70244
22319
71633
84167
12957
10751
15399
2318
51568
50040
20814
11111
76117
81019
60228
82467
12776
60458
64052
15271
93724
40357
85264
44713
62540
76130
26817
6752
78103
36221
34745
48346
58539
22729
32513
87848
33479
47911
90165
1398
14302
27330
12509
90418
8348
89088
89237
37475
65897
69640
52745
59620
9996
54361
20685
72536
46842
47501
95639
24944
83721
46735
73290
58611
69463
5802
62810
2942
70064
52974
4339
84366
80303
33199
91135
5002
38638
80371
42476
4534
50010
11573
80506
76358
65933
1190
65245
12774
65042
60883
54070
48762
7618
27359
23724
93432
49512
86534
12725
19575
55859
33416
3940
52514
82966
95075
57515
21604
91797
16343
42489
58159
44267
22994
34516
26551
40535
99760
55676
5576
76994
9745
70689
963
37103
10765
94395
86614
13650
7119
6189
69508
40534
26480
38373
23500
21554
12240
61455
29703
28582
20295
87861
89200
59641
22376
15750
175
38487
71425
22103
15480
81170
9143
16443
34624
19907
27189
21238
33556
50659
43778
3064
91193
70257
57788
31044
8163
70027
8850
37865
14960
29144
25725
4159
88784
64452
19908
88959
19290
91333
27413
34769
88854
36555
67563
23477
56462
11103
61066
90017
61762
4843
9432
69306
91452
83572
349
99614
53598
9198
53830
68558
38341
79554
72716
43477
60357
92624
32435
79646
308
76199
30766
5513
12753
14681
28989
85566
42135
6407
75583
3896
11249
1366
73201
2700
84937
89901
18665
54887
99098
72494
23444
53791
68399
12511
97267
28755
5134
46053
24752
21793
22251
71870
43657
51355
2902
88998
36921
45036
95404
28855
48932
6652
46572
38484
25704
47861
28385
44368
2747
27482
16862
26190
97624
85260
38700
11242
30367
60186
57294
71470
98330
95896
43339
41987
47251
46240
30984
84171
91276
26387
13025
56559
49390
59596
95042
75093
7456
23426
19461
26554
67260
52674
52743
81235
37933
7795
92477
84651
84332
49770
56121
99013
45666
99459
57351
9268
62051
88334
93438
69678
31072
22814
26236
96814
98761
37629
71906
22569
77407
7718
49122
44666
76743
18217
42252
31028
26011
34728
15678
26694
850
71798
25706
46515
87609
99409
72134
66011
4094
81923
35688
35166
4736
78275
48331
3496
15903
36588
26064
9661
44306
91538
54326
37400
9754
96578
68427
52116
47657
84105
78809
48506
72254
20866
11372
76214
20274
83505
42224
40720
65427
77911
92237
86514
72537
40567
90010
88440
77154
32425
98100
37811
23962
68778
75211
33715
81707
43637
85830
45715
27741
80990
94221
16347
18208
5592
92560
54833
5449
34784
95552
70875
29046
87788
57389
1583
28354
63750
6374
21860
12526
20825
59670
36488
5954
34880
86554
87660
94869
88736
49727
38961
86077
43947
55307
4284
65890
47867
75469
71338
99002
87372
58565
28047
75160
32305
29629
19865
12406
36002
58076
24931
56827
17746
61418
62780
68977
64324
66792
63845
53059
32870
19158
55487
76816
74464
59771
59057
38682
51591
46747
37683
38962
5311
82082
30473
53967
11710
50338
66372
64064
24765
91302
37242
42510
69072
16373
27839
49747
99516
8035
2805
32385
27192
58291
25552
1656
34413
84609
56689
2355
31355
94372
41317
53017
92805
71789
6983
4514
38478
73354
84929
63243
81007
22170
22104
66430
54895
49942
16176
54410
57977
35332
86795
1520
9975
28698
3175
60739
13306
59864
63094
61012
70587
4410
14028
63391
92550
37362
84256
47380
27067
69185
26974
24426
7706
65429
90855
62600
31723
7031
33362
6051
42362
36508
7570
52336
65205
27097
13075
78511
3312
92520
55874
90250
13281
86254
53640
5830
23615
54247
69561
50682
39783
12886
75107
63841
94667
82313
26440
26389
89343
59801
32439
48057
12660
56360
392
77865
83456
29818
72727
3119
22337
28600
93368
35617
14853
63359
57799
54820
17606
43711
21853
73740
72949
13311
37580
67615
95623
64020
94003
84966
40172
42793
33022
52832
15504
49765
47048
98960
95935
19774
2078
34623
48373
11798
86592
79578
75156
60742
34397
92761
20804
56249
82853
93752
69559
20432
61366
81533
803
71720
66498
57327
30864
15871
26510
46368
81988
73557
61679
94274
93330
63756
28896
58054
91905
31839
53983
67061
92580
4731
76173
29736
77331
59025
23487
46889
79457
1205
28422
80259
72924
11271
53937
20140
43494
80446
66507
25481
54002
28185
36106
63683
8292
65001
38089
197
13192
92071
67257
22123
96802
43429
51858
74132
18806
75345
37373
98262
92901
82146
94872
65824
9768
48809
2315
53261
45606
68821
95093
99608
97005
31198
79642
21649
12551
17730
21845
25742
26153
5453
47864
39306
65233
16074
13437
84038
91418
67161
98651
84318
65658
93523
66493
75426
58683
68808
28686
4288
53980
40131
20247
67337
71328
99889
88985
230
33970
27181
25971
60122
32633
90187
99427
97865
6260
29216
81903
14029
12728
80553
14698
78386
90427
97542
70163
49109
66349
98848
69749
36681
55330
89995
4017
26658
6235
93001
43239
56557
20181
85562
33030
69165
75748
48809
67029
98359
78024
48931
28739
7103
45836
43436
1840
36262
40977
72002
1723
23678
87202
71471
60358
42531
77817
64374
85540
404
73726
28779
56960
10258
14340
6341
79422
6439
55149
62802
4797
49524
28085
33535
56627
73920
93322
58466
26533
34298
30468
28255
57975
17669
16077
34684
76551
10246
15409
62091
10649
5486
90869
83960
15743
21560
90300
11516
27998
