8100 329
90670
49146
11324
18754
99032
67950
9025
92353
42768
35557
26650
89587
80164
977
23607
96240
35660
157
6485
67421
62247
33485
72906
69467
33796
5001
91026
40448
32868
35375
2248
23537
84520
13571
58642
83551
81521
67666
75903
40640
3223
18905
30226
99738
19881
53832
95977
71892
53988
18814
39312
32587
68650
12218
18405
2446
17218
9431
59245
66437
61157
61492
89974
45677
75062
48615
29227
72934
16281
21482
29925
35855
40386
60150
35592
76618
30333
47920
64861
673
83085
4173
33259
51735
32742
68015
70532
66311
93797
29776
32747
54954
91267
39072
630
82680
87687
46208
71966
20319
67689
1890
72525
24426
62040
24468
1043
8724
72387
82256
9396
55472
86428
59006
7206
35521
27021
94089
1831
20817
23864
50929
75770
31482
90001
76399
30513
94039
38959
2478
14357
6647
4368
3233
47425
82759
27700
64819
91482
86
47074
17230
71909
33501
76235
95466
85373
3255
89554
87203
40424
13417
54484
16193
61250
44484
8944
91763
38522
47902
94240
69230
70900
14959
72462
18324
14069
161
83143
21903
16598
30216
39132
88507
80069
15366
83972
65441
34973
73526
68996
75396
3294
23479
91588
80896
84314
16883
72658
22835
64784
83249
92064
35684
14560
80877
54007
28628
81037
53501
50530
97634
83717
89661
2492
63785
5027
86464
45577
56351
76341
14572
31746
79634
38050
39685
60529
22363
56568
49538
61549
37703
32787
69964
89738
47346
50840
60097
92325
48228
13597
42855
62214
97313
32515
64705
77449
53893
67520
23026
10243
43860
37597
58340
23494
91999
98025
374
30713
70944
49912
92262
8646
99050
78577
98384
62747
45769
58480
55071
93996
88428
97925
72561
85741
46792
37266
79541
17036
4785
2566
27279
48645
40163
1970
88490
48513
99994
5215
79225
87289
55126
87838
95935
70527
66415
10670
33273
12183
85501
88344
22530
73928
86268
95091
76020
49411
48708
55561
66447
69844
58126
10077
34840
14640
12046
23329
63152
28392
44896
58729
15680
21
46566
11614
70548
29332
38635
20172
41514
24135
8515
80396
14415
11135
75486
90434
60545
40545
45994
43343
10388
4120
53419
45228
35111
65465
84908
98263
10208
29803
73343
25887
46176
19908
53853
33075
49240
92487
53246
7105
32974
78113
3852
47388
89247
79337
37821
66143
36233
167
25838
46621
20638
79256
8200
55748
61072
93107
70362
71279
39262
43704
13518
85437
79964
67370
34863
29203
76208
88108
52659
25533
82572
56511
72920
88170
52199
27093
54313
88432
27259
96502
51404
64248
75757
59603
19995
53181
69061
6709
40811
24674
50412
54328
26462
30375
38049
61324
75929
30609
65784
44940
56141
48355
1450
45413
36525
70000
72505
7189
74783
16115
3690
26186
80362
95798
2140
16708
48978
87553
23416
89789
12226
90180
60468
38688
36906
98517
16363
29187
29125
82146
74126
1617
46853
91927
47029
83377
61926
19533
6917
36709
51999
10606
79246
48712
6403
81386
65420
71733
85290
5187
61521
97515
11718
38340
52554
48624
53208
85269
77810
82332
83766
68287
83949
30618
60213
47329
30346
22138
66862
37262
75198
35212
64219
54444
83924
70622
52181
65695
58706
37470
87233
36578
51336
98951
74917
20242
63926
28125
5510
58087
26808
89275
26373
27108
36245
86585
74437
66590
25074
57650
20204
272
92861
84422
71067
93136
71395
39599
75182
30100
93420
62415
66677
61107
77717
41594
81348
57994
86070
3209
16080
12877
8836
42452
39985
61432
45388
30773
28021
70461
88422
48224
87084
97634
48998
74502
90770
20392
14100
65951
50492
7519
44717
17168
68626
38785
75113
66325
96778
61182
85886
12857
74059
94721
71660
30395
56152
17047
61167
524
3860
65940
65100
7295
63573
14097
81797
70694
50840
12248
52997
1331
19767
97713
34851
4744
36498
26315
87420
49627
87497
73305
62484
77907
84377
50495
24653
56880
83894
2171
73756
4105
68110
55207
11399
31682
69303
93195
18728
36494
5443
71724
37825
41561
69436
89027
62656
22285
15341
66427
71912
19189
56084
50747
13447
56812
1241
38099
13692
1486
40269
3799
5590
8378
59005
16989
56412
44659
26535
75139
81152
48329
46862
35328
89889
32649
24354
68896
71286
56047
51675
43197
91587
7758
93943
5034
64569
11535
43132
94612
13021
99753
98410
18610
8130
73766
51950
80893
18424
78485
72383
15928
26813
35596
51255
33054
68245
91961
18301
55882
64359
69975
99078
55945
77732
9372
60978
42301
37258
20462
53264
50278
20214
51674
85240
44695
41791
37189
41940
60215
32025
14322
76142
58838
49918
43748
8243
34514
35708
26543
90395
16418
96518
5824
72363
90601
31547
49692
49253
68804
70153
2517
35434
90366
70542
20673
51413
12332
74213
93352
88898
6238
24025
81391
65075
90294
25139
89669
24807
77198
16211
31553
93616
29080
53728
82330
19681
85274
32021
85285
54078
2174
87801
89511
8891
74694
26535
76655
87026
747
70006
75923
6984
94031
57314
88410
676
98804
78078
25483
76001
10641
73387
85968
39720
27115
68297
75752
28740
318
61037
82817
18843
65189
88679
44085
39883
15213
20740
26908
15960
7097
19182
39295
17479
92847
27705
18155
8002
22134
59989
84003
32774
33375
86322
88846
76841
54619
64597
5581
71288
25633
4749
90130
7174
9780
50566
47056
24992
71305
90315
57303
94754
25848
12950
12232
35047
57006
30386
43048
79139
6726
27050
28265
56453
29724
17110
33293
84342
81706
55225
71981
23691
76326
78462
30864
86105
29027
94271
27448
16684
84585
1103
11437
26784
14052
40020
61830
71057
86758
4878
66547
93483
48279
94811
49935
78002
11920
83228
78695
93626
54804
50675
33668
31129
29136
80883
33585
74515
75153
77385
91198
76089
78487
18986
19224
8890
59005
81054
79946
45762
2283
62844
39245
50561
57655
89179
44915
85926
88758
39961
95903
59914
90636
29570
7394
36123
10452
40979
10637
1956
34715
18186
94396
13201
37171
13620
22090
96176
94673
18387
58289
96955
81230
97533
63867
55236
3064
25133
41162
8173
65094
37064
84438
72081
66634
91832
24555
93437
49162
51544
11745
83876
69729
6140
97076
23252
19759
35517
35779
30783
53903
94067
27737
51484
7952
7956
6720
27367
49440
47881
51891
30885
84944
36329
19317
51577
44512
43872
61366
10025
11767
73110
93900
81495
79249
7327
21098
99008
42843
73228
29790
13097
83647
73879
64580
7950
98186
71299
51668
63977
19179
3558
94862
4123
56238
14178
72051
749
74401
49768
10773
86167
22877
21024
84014
18478
28350
5111
33837
87544
94691
79978
16992
78337
70208
97924
86286
68393
69222
37953
48722
4753
57862
43583
25227
14100
74112
13629
31200
48513
63397
58325
51031
86273
79348
35044
21102
24050
56507
54938
27945
51197
34916
44937
29533
5123
42860
32170
89868
28433
86474
38589
33185
44335
98523
74763
58434
72634
88392
5986
37498
51788
64310
88529
54412
43657
23572
91866
67706
80078
46803
95651
47626
81718
56939
77158
86841
16150
25679
93060
60934
12152
31648
94119
56487
30170
85233
31272
2803
73624
37257
56653
41763
1566
45181
12527
45223
68752
4392
29280
65182
51194
41282
12807
49264
14572
6317
52456
30721
48347
45515
91655
60499
77162
2125
33337
23683
3709
64608
42837
93685
18217
99489
35447
19782
61021
64325
81356
46125
85068
26988
11306
52614
68269
40464
1877
99193
63132
70684
46265
11479
16198
37919
88329
9711
56395
21665
49745
60104
86272
92581
53788
4488
8422
5586
40622
69442
86263
38329
15566
71330
65316
43223
40295
49937
83687
42171
49129
63170
29206
95393
74648
45403
49664
79328
71465
22410
992
37561
98865
3616
30142
52652
24455
38563
74590
65076
24356
77204
3405
39922
48533
85072
83144
88828
35008
83182
47350
84136
46352
76556
95881
37351
38310
61896
16679
26127
84305
34022
63687
83170
37637
10180
52173
78444
65094
26762
43519
89450
20317
63275
29371
68850
64699
28866
74029
99706
12048
37730
194
58399
30637
96074
12101
85299
57969
28779
27777
58625
79153
7815
41794
16789
17995
93967
95232
83088
37080
55103
88889
57397
34729
34611
42598
99427
63477
32978
15485
91876
87059
15678
66626
34048
28103
78726
19346
2423
23857
63474
61047
3009
71288
19193
36149
5634
13159
47733
88722
66590
2835
93962
40338
53915
28573
99287
53342
8401
32264
68826
276
35675
855
66901
69722
28957
61978
5419
47731
85834
68892
8777
5194
40179
27969
41343
62165
57479
89075
50886
40421
8261
61199
80758
62175
6123
80045
31868
14523
28660
17045
14798
64334
17899
98050
50407
63207
60028
55825
10937
62213
24716
36066
83759
81247
80386
25101
43411
54217
30527
10648
94637
38787
88198
75394
17313
94321
71790
49181
8843
450
82577
39993
81135
16828
54394
31542
96386
30773
3718
7323
92986
44786
59740
93096
26032
40125
18196
85794
94341
48722
12793
5329
3860
990
80723
21172
11662
68864
86704
20505
85665
69281
76849
66800
2460
31242
14693
98845
62015
18410
22519
71352
63195
98610
64447
5578
38735
98994
7723
49427
64067
20515
71108
67926
37857
68182
5449
49518
37045
92153
86374
22710
77785
79574
5861
96596
10816
20553
95440
89182
38962
17959
76885
18509
16568
57683
24086
71654
73028
31809
37433
37094
68675
8540
21371
22883
76721
26819
88753
30117
35323
91478
52826
13107
71052
58686
9702
98219
95590
21494
3752
34552
55804
80636
69412
88723
54670
93497
76729
44049
41657
30513
81142
26684
39052
2512
49566
32124
45682
38318
78592
81005
29796
31418
10463
847
6455
36517
15417
2045
58010
19168
52948
30165
16155
22359
18887
70824
32207
95615
14872
90216
26127
12365
16899
81530
31228
66464
30005
76909
21134
8597
74265
67281
56366
1080
68127
79172
37596
99895
81216
11957
19062
50515
58473
35216
89225
77359
22391
37784
89326
37262
27999
31804
65978
61249
29686
97205
27712
76042
90465
65197
990
81082
32477
57355
82161
16955
52879
36108
16849
50446
64416
35910
961
22888
71125
6537
16598
93515
44320
5923
47128
88670
54079
13105
49918
116
26661
93982
76157
33478
75530
77147
14559
8007
50853
13071
24961
3731
49178
41810
54177
13593
94071
71489
52832
81548
78025
69429
75062
38697
91704
38542
27366
45782
67998
93636
62249
94659
3969
38405
28136
79498
31903
59046
87504
82756
72116
28817
2838
21293
86978
57014
51237
97400
44854
4068
78947
22879
89848
70361
77927
81551
8902
21644
43684
76899
15279
5932
87909
35599
44337
32396
15097
92591
7793
18952
75346
79908
64120
94536
17552
51097
67901
85140
48497
12755
5559
27443
51985
95407
14155
29911
76957
23056
51554
36993
16307
83185
42924
20567
18783
3612
69315
50231
96203
77107
69183
87900
57015
49654
82435
90918
751
50336
76058
65599
79442
81616
9393
31426
77022
23548
77688
70331
46603
29241
7323
79261
28777
50246
99828
63912
70210
85494
14142
66412
62600
99676
54311
19614
65682
53098
26884
66432
3433
2941
48382
82874
908
57774
30651
94282
81321
8338
64612
44276
53930
88286
39888
99059
54883
56067
62970
25092
41560
93463
91503
4160
9491
62166
40125
75172
15263
67008
57955
35047
86300
6336
17920
87208
64109
64922
81489
61782
73259
46100
22409
43540
50737
62296
42598
5619
18363
5567
30711
76274
15382
38565
80433
41224
730
36910
16395
32344
3917
90701
67390
90217
97036
1661
93776
77496
66582
75264
55629
56192
37715
78037
99732
88451
56685
42329
94069
91399
64248
41131
67672
95981
79696
64457
37204
96777
1366
69950
29121
21634
60650
96510
11850
57685
14523
21977
51532
81104
97240
7161
53648
51306
1549
53379
39756
58233
12059
50177
65983
92658
7659
33655
88638
87354
14463
25841
483
15828
95790
45955
37461
56439
58816
65663
30475
73338
87639
98359
70794
1231
21871
24441
52536
23419
94171
8644
98004
6229
75172
63986
98887
82830
13992
87524
86536
28454
29717
87018
60633
25506
32972
98094
98297
91787
80108
45123
81477
67746
43481
52270
68976
65351
76710
37864
5122
70880
46507
3125
93460
21678
83462
92346
20859
13806
96222
7394
58611
25938
10763
19244
67795
43734
33689
82443
51873
13796
27566
33349
81541
71046
1970
66869
52749
78679
21084
57870
65910
83942
60994
75721
21971
60807
84419
42829
74612
80640
50223
33223
22929
60985
52466
7075
21071
86154
89518
89295
16301
17083
38995
14193
4480
40964
97413
57228
35994
18496
15097
18255
2437
92442
93975
24407
53249
78393
83588
27860
75384
33810
77434
98312
11146
46251
5387
48568
48756
11256
37862
65056
28338
76856
79249
32817
34171
76661
90045
70164
95157
21493
88418
13945
13935
98745
54704
67183
77137
38291
11394
68873
88452
5180
67184
99597
51430
88922
64517
16538
177
18730
81593
44866
11938
60841
94035
46108
53854
431
32624
65362
21923
37393
79306
35857
36137
34009
19391
29626
88651
47137
98498
77102
68668
82033
93051
36449
87307
57567
52986
3835
76296
34579
48701
88233
11771
42735
50693
65624
43165
83316
30985
81439
20708
26643
33648
73197
77003
69390
2822
65654
32878
1319
42755
1545
83351
52157
37994
70657
9723
7331
74492
2371
58261
39544
6955
70032
98630
73999
52007
58146
57314
99344
39584
94374
25986
73231
67570
2988
42621
70391
84993
91850
88061
27748
93395
71411
96256
47740
58420
22331
55070
49263
24701
13331
5158
48007
99714
3787
22006
51720
61932
95671
51063
17867
90044
93400
91098
57613
96388
50070
44355
81380
41919
32415
25479
51665
3826
38087
99404
78597
60417
70826
44211
1469
508
49368
49475
221
69506
87832
68292
31437
83503
35707
65655
89898
29106
73104
47511
41845
23173
91865
39577
81444
24280
81407
33108
44457
19493
48864
39405
79909
36041
83615
97729
36548
49334
63556
53120
18839
51387
21411
66627
51241
73469
32281
41139
2575
5385
5001
60771
44909
13217
16699
42704
53848
98106
75812
98304
33950
41027
54060
30211
77067
54026
27939
29966
3359
91494
83085
38549
59233
20847
5175
26825
94316
53808
67963
13242
75544
89315
90364
36804
2532
7063
79508
56379
21520
71671
71035
71821
12697
25094
2031
6115
95472
46322
36080
98830
54167
35516
37379
29751
56362
58905
56576
50677
29064
40890
80270
4607
30205
70634
41411
49088
94048
20918
21818
15567
8940
92852
3739
21636
34298
5770
44102
29769
68443
80181
44950
38961
15696
98680
68712
88409
57585
41639
55438
3000
82528
35707
23959
29084
22692
65369
78171
33091
2638
99989
48657
11577
9192
68748
49564
43489
90869
93665
89609
59311
90197
34559
14623
22244
49590
83334
27004
7174
24972
82441
26526
23852
34500
50484
52935
73543
32204
31106
6634
51193
47446
71642
79121
56637
40389
28684
16478
31257
38700
6086
6919
45248
56996
21542
67491
6586
4875
94494
30111
46199
93287
56636
86402
27786
7119
39336
1328
39322
86793
24313
90514
50590
95955
69634
7227
36343
14669
23704
67600
69720
46141
74518
14967
19489
12411
82457
26074
17286
93303
72536
79836
86589
29172
82589
30726
52642
38276
48405
8316
25069
72718
15181
92010
68672
1167
99236
21366
32187
39291
88965
1907
85432
79835
16873
21272
92245
15682
47345
25882
8984
36232
22069
11924
65403
21009
59001
34397
59285
7405
59064
705
80122
74244
92714
65145
75410
8302
86511
7597
47592
91827
9503
49375
88013
42727
70646
96610
58408
34342
38843
83743
70574
77264
12018
52328
98272
71018
86724
57556
78423
45787
58260
74896
36383
50974
56393
11792
59275
42903
35740
23218
51081
61594
72593
55446
20673
59590
52055
95432
93932
7249
79175
64505
84512
7544
16832
82784
78562
19908
40339
73336
82046
14951
48231
18428
82276
20975
46572
57902
80229
98663
81119
31310
76609
70063
3107
97281
29653
55161
92712
23584
62409
88238
4440
63273
95782
37623
46056
74343
57530
2746
64030
55928
34048
12260
90707
16323
49587
53630
74224
29815
52293
71695
61124
45253
41757
64230
42533
71409
35742
51596
11344
14503
39834
15783
77775
35615
53406
40182
26309
27287
59279
90338
83214
93327
18949
73921
26001
68535
27550
16577
98350
96194
88271
75825
41446
30027
56407
330
1436
8500
51926
12779
23002
91759
44914
17128
43725
98319
73661
86385
25605
49292
93074
8819
58970
28374
99091
84970
13261
42992
1546
11610
55538
89816
3786
96983
36195
60192
97313
53982
85044
65590
83112
8045
73700
28025
41525
33776
26343
15185
20160
51948
80828
29585
77118
39797
57958
92560
24767
71218
35551
42664
99179
91088
48832
19317
4423
85026
95860
18087
39007
80903
83676
22118
88948
57375
50143
46824
91150
92837
78360
27661
61136
59188
57245
38253
98984
31554
47164
40102
2772
99067
82766
18302
6506
31597
37618
10928
32974
33478
45366
71980
14380
29041
10449
19679
2767
76943
66502
10268
69780
44862
37928
30915
4049
11524
85520
19384
59430
32683
59486
62201
31749
42251
96854
38255
90199
34472
65534
23172
84301
10900
95151
98680
56292
21951
18359
59059
98894
1212
69326
68673
46073
23606
99587
66473
51481
85106
85857
10910
17789
45342
89462
65889
3944
2668
4143
94142
37139
86029
17313
21439
96928
28815
36470
53219
50765
71180
12277
49658
72392
97955
34682
34816
37912
34269
1289
5744
35726
3497
33006
69866
65190
38819
35755
69133
41486
56249
79626
78624
42277
13290
16414
55556
58456
52884
8775
9220
24063
37403
75230
96454
51709
9911
47622
5972
60531
48910
11716
96257
68758
61073
82474
33947
99891
18228
19431
41377
90829
15408
20000
49457
28697
52766
5013
87152
22001
30139
12723
46063
83893
4304
58869
35602
14215
6490
57925
91097
71751
85992
3705
56860
47064
86179
7158
46955
20758
26588
4683
11586
58347
41034
77395
3395
93799
82407
6898
15799
28897
19620
78214
12789
23924
53434
64742
54490
76275
22667
45586
48025
25010
49291
21236
72074
51821
28393
35380
72578
71332
40062
516
29678
81095
77910
33072
91246
76668
39969
7044
5564
75940
1609
34704
16215
55042
15798
87056
31316
54816
32642
95692
79825
98284
16927
68250
66456
45319
3629
39033
16650
60042
39548
62679
57489
33809
12102
48734
10476
68422
72129
32391
44362
73738
83447
76928
28779
99244
63984
76447
54059
12977
72138
50235
27612
89065
18485
94067
50735
38465
33099
67385
14859
88999
46415
72347
22807
58517
37432
49635
26938
9560
82025
87651
83297
81823
80931
28428
81066
44914
4874
51476
57890
77011
18063
85501
82427
52899
79567
33162
91363
29017
16898
22573
18015
63312
11271
40822
38180
48702
90456
81470
58262
88832
69120
57910
70655
50050
2689
68072
11315
7562
19548
69204
925
37610
71056
83351
90508
66974
32864
98222
95991
66113
37147
14005
45777
48417
71178
83956
97119
61633
65425
71732
66817
50897
45993
37471
17298
48682
5542
28613
72595
41441
14168
73519
95402
1576
73222
2261
68549
22437
483
64539
88550
53981
78544
34326
2397
49721
34633
15867
27706
16410
3950
94522
83658
49943
48344
955
14976
70237
45919
87570
28030
76439
77441
23431
78014
67014
25692
46562
89450
42526
11101
94351
96506
5996
45028
15254
72068
96013
31121
16125
12422
35070
26998
96079
1364
75341
13385
16339
61930
75656
20261
89959
52094
97701
29741
46459
81066
55432
93020
86867
14309
20472
97570
27166
42819
42597
42420
31239
54961
73540
47363
83734
24961
74361
79812
26325
66053
9549
42663
27982
85204
79275
17940
53649
93327
47681
107
74392
19464
9478
61259
50125
46302
75180
77290
5472
34128
19709
36710
89089
93248
84073
72822
18209
58433
68986
60885
24485
78534
3547
68819
80089
99174
3110
50089
92500
67142
66547
66892
86606
92376
44502
53082
55029
19681
30371
60501
53808
50080
13562
59248
59679
97634
32070
94239
72418
1055
55123
13255
95940
75022
98425
92380
74195
1534
58820
83046
68676
25366
49937
71633
34093
10790
24714
89122
46822
55084
65974
16982
21515
79535
76229
97546
77169
8298
8136
65938
25704
63259
95544
37995
54632
93968
46726
45178
95502
5545
28223
64177
47262
94512
52161
97707
21653
76874
86828
68475
48309
52801
85456
86176
32335
61684
83721
25855
86334
91856
8145
28389
71466
3688
82736
42449
14008
29461
3978
9509
51358
48553
90037
14971
43064
42197
12677
64716
35422
15856
49542
82
68656
34997
86257
17343
13033
69977
59549
15718
78185
67693
60458
66002
71381
43193
8451
1740
89006
28780
11248
56715
77332
17636
88037
36747
76184
714
1463
11605
32921
67356
28038
17929
2353
14295
35271
31737
623
94819
63806
95159
62512
24263
61161
50244
67456
85963
51983
72813
14742
79582
29527
92074
97217
33915
28820
73400
50980
46634
1356
83901
13990
29393
1829
32694
60039
37099
80782
60662
48269
44587
55820
27132
68849
16980
93727
52656
19294
45709
41820
34036
41642
87698
42461
55210
21613
87632
44961
72592
50618
46316
72844
64607
92061
74672
13652
52099
28122
10785
29112
76391
55371
84932
19874
40571
18263
13601
9579
53909
75661
51398
87944
17303
39096
46756
72512
60708
34387
17473
49651
85004
80140
22495
65962
88552
97166
95965
57003
41640
6749
86114
34382
78471
87397
54255
35394
22012
67855
44972
75920
43516
12721
80215
77170
51816
43322
66033
28875
94060
99857
78526
79064
96349
17372
61377
84900
14537
73694
58254
72528
96794
60720
6909
91617
64468
77516
27010
86479
45370
88333
78750
5237
1053
75316
98758
52869
34989
64791
98095
29049
64647
76620
24464
60995
93991
2192
62247
24880
75885
36852
13759
89031
97571
20668
80647
62039
98183
24008
64869
59904
12340
59971
65141
29744
51638
80250
82612
86627
45040
97059
15675
26039
73678
40138
87033
84021
42329
65631
25252
34566
2483
39010
23596
53
76029
20594
78443
90563
44601
43312
50467
73292
19634
31959
3035
71271
12208
1999
57897
57248
99057
73571
83286
89086
30060
86670
73106
88741
68653
14709
39658
71135
53719
63253
87539
46099
83846
82334
36662
44798
25645
87128
18089
45278
35438
21123
16548
47645
23121
90797
21244
22177
80719
20881
11263
27131
23903
720
15871
92555
15429
55528
80041
85499
35132
83931
47949
35329
66264
84610
96478
8260
88089
14566
69889
23526
52040
2789
87523
91513
93585
25118
13689
74303
62351
41303
1433
86253
58375
33655
95159
90155
5534
91551
92005
57017
91833
39953
92345
58097
24563
88822
66356
12651
19739
52597
52529
71779
55385
40051
79643
48969
81520
9683
39623
43870
50986
57408
46474
25712
7414
57984
15866
12948
49534
24222
69964
41367
64174
78661
15815
88736
83834
98522
17739
19925
51118
70267
8055
6502
26669
87697
71822
24540
97379
27797
68410
64716
85204
31235
90427
92617
89219
22644
21916
55104
46865
8232
12822
11039
86892
28636
16126
87077
43510
50216
7001
94627
20482
15055
17481
63502
19103
5654
4394
16482
33450
72803
81197
35005
20389
87976
43974
9607
26971
65889
81063
73836
74120
93884
1226
77363
38872
17351
64440
82381
83919
87792
93359
4400
19199
27191
84254
38301
32845
88647
54782
82646
77801
52331
17651
14541
40306
61624
40500
67276
27512
21562
57463
17984
31797
58688
11698
70668
92391
92489
69400
76309
80281
79111
97060
99479
6301
97665
54131
55497
2663
8913
38143
96815
77595
55793
11356
17900
33768
51855
1527
61279
73416
58990
95614
21564
34029
7312
92232
42771
99800
77983
35431
96432
57093
48843
95910
79746
46507
66393
35242
65522
91657
89736
62336
69251
45528
90043
3502
79295
41897
5028
56926
31664
80369
68891
53228
30750
76202
61811
89872
76002
56145
25303
72433
13238
74145
84695
9335
37003
67439
60928
2524
59095
50664
81212
28345
96191
71254
31846
91838
29503
53225
65115
61166
33594
34005
14393
80695
10207
92555
70566
2560
48700
95868
91344
78289
86364
92390
87623
23367
59828
48550
42242
18922
99213
39805
47266
11756
11059
95463
19945
40561
48688
85059
18078
82281
19063
48823
79327
45621
41377
49892
64532
90076
62112
55876
84716
48475
64617
72338
88193
24445
37240
46787
59718
52804
86591
23336
64559
14001
18798
855
70913
67485
85913
88991
66117
21328
37813
45443
66948
95541
11687
31480
1969
73798
3707
86684
38624
68323
75374
43169
9119
12613
89955
68837
81768
92897
8524
62679
6898
27321
63533
94162
94806
49446
83152
77274
87125
37316
22717
54072
32857
50755
1903
51177
24552
21961
37860
79527
90284
29585
22695
15754
58549
29001
942
40317
21898
9465
2995
45147
36786
66527
39308
47943
32324
38812
25216
19448
76127
64284
89872
25335
15038
8126
76511
55941
30087
30723
35468
36722
60307
58162
52475
18856
87163
69769
59172
25412
79233
62166
70558
32370
45044
9865
80312
77368
65028
21880
13167
41155
86163
19390
82841
1201
27516
59352
73493
57602
90074
8960
94323
66732
67122
63149
85587
70636
49269
44758
96047
44854
23275
82956
77223
68319
9172
73887
62038
74200
12118
91556
31706
98280
10946
14546
15832
38461
90249
89325
12414
80322
14636
23088
47054
98109
2588
48992
68744
51857
93750
81142
96710
33376
80449
90284
18046
89621
64170
96435
63820
92639
87991
95525
90919
15288
26422
23102
70100
16671
28778
82513
13344
43414
5600
60397
41522
24539
25741
26618
76395
35842
24111
89456
69217
4560
79740
87263
94180
60261
49
74351
52900
4391
86227
60170
19678
12648
99623
89777
29318
44753
88641
42662
88166
10592
19410
46039
35131
45150
89008
27877
80991
29471
17333
66560
34030
97072
70174
44561
73684
70222
35263
26583
74613
21489
3104
94290
50488
2727
419
79806
63831
89059
38819
51996
16003
58228
14386
51133
19730
19746
79009
17072
49216
96341
83631
99597
9764
53804
60509
83448
40378
95771
26382
14990
33611
45838
25631
84098
64916
42401
80255
28746
47812
19073
97093
63814
77301
27830
14946
13382
47575
10306
30453
13142
22999
14084
12738
32762
84239
73246
32561
24616
85368
75295
55957
18978
21132
97940
19428
86047
40340
99682
31144
88151
35107
28236
51964
12407
56065
83261
42140
19992
93567
72592
33133
16565
3027
62223
65678
3618
51820
14591
28233
53540
89885
542
88869
27368
98481
8296
29766
38820
24330
60909
43323
59436
89144
11638
88194
61560
94899
30333
97903
4817
19276
31036
37733
22303
9610
3410
25920
61429
34352
70504
14968
24236
71045
3837
51603
85877
28484
97720
41049
52813
58628
84371
12248
64123
96008
441
42035
7258
47125
39937
12074
66401
87324
66158
5055
96933
85920
30974
74714
20271
17829
6033
60859
5226
9869
28813
91102
54705
26533
32150
7517
85160
32872
36117
49283
28880
52909
7669
52489
34
47605
80915
82786
34929
47072
87840
48213
32991
35165
22926
53262
52993
45311
30472
58218
71531
59284
65672
26235
85816
14173
50104
70976
47045
86220
36610
92276
55480
44278
44764
55513
8234
25678
54650
59514
72750
42489
7727
22092
77653
47004
91705
46998
92314
22176
21567
63845
81460
3590
90079
67275
17763
40182
54602
64807
42753
7563
57082
98233
68192
1845
70097
76426
27523
41099
35939
16624
83587
60017
38715
77592
7021
30420
40941
15686
68947
62507
79530
50406
66097
85961
34033
211
42494
4986
65017
1599
12549
38450
16183
97092
40294
2631
73517
84168
43729
25808
17143
27316
2176
72210
21259
25548
2629
62199
41234
87927
41057
37115
38333
23505
39427
88717
23715
98273
93702
5083
99871
6250
43532
16053
3342
178
18683
93210
697
62412
35369
17840
6079
37545
90049
43689
79444
9029
5887
37029
96955
63295
74144
51639
86800
29922
40355
26866
28194
34057
31949
28064
40306
91832
44116
59999
92009
79151
69561
92706
57914
21281
26897
80344
75177
16945
24032
54621
42325
46270
91649
39279
9564
82144
90918
12715
12066
31272
55933
40259
65328
4233
68323
21986
12416
28790
98336
4425
24292
84248
13482
82205
5529
56730
78900
80705
90026
2931
51677
32350
65552
43326
87980
91468
41821
78897
20534
53886
26521
76466
94145
8200
97050
78819
46537
9466
23960
61225
30242
48252
45472
60075
46808
51000
16804
25708
48057
6829
28638
99733
39178
94190
59410
43509
85657
1231
22406
6190
71468
65278
99008
81964
89829
96057
60782
36366
21874
84742
97590
52115
32993
43061
12189
79800
10413
28992
21859
74821
52172
50497
90905
7701
61038
50315
51210
63046
67897
89967
85587
55716
55244
946
37680
45072
97003
14813
97789
35228
99554
95378
87343
48898
54791
15883
45050
65203
61227
66908
56375
13398
33756
47279
21099
11145
13945
88660
74190
81841
78626
76129
53909
50221
77074
91588
95292
90428
6400
9433
25656
22306
4810
29350
71203
75952
45232
32604
57506
6458
15864
13880
36208
49619
61159
73658
77116
75103
62317
51305
73296
40942
43785
27204
91162
20859
35143
2805
11286
57894
12237
53293
80199
33399
82642
67754
9350
27874
357
66856
50683
16220
97087
86890
82191
58245
60547
59306
49700
22863
26962
22995
80156
70747
66550
71317
7957
1692
90474
19242
59585
19062
88887
56136
52460
71528
23889
78162
99401
40597
61369
50084
73169
58455
53325
71711
33052
13872
31016
82751
36734
74329
5745
33242
61427
88646
20910
69383
90337
11383
4977
66273
46797
93863
22408
15608
65390
62648
93769
81143
3245
71489
31226
76413
29944
84550
48123
62995
14773
95490
45745
67859
86170
67841
1100
47597
56486
22009
16979
63174
49744
21955
45798
96540
15817
68206
12147
81207
30853
22268
62349
50449
93756
9926
43213
23699
10827
7687
3045
25600
3176
65141
9810
89346
32981
10909
53294
5818
32917
70272
85343
99012
92227
31141
95551
24395
15698
24050
21953
46550
46317
653
13351
40072
26930
56563
80123
37757
64250
83167
79708
83777
48308
89517
89474
97640
425
42767
19810
49693
13039
5152
65057
21617
36292
60607
62363
51989
1008
84316
14891
47324
84968
44593
87396
28250
1155
83870
66006
81756
67036
62065
65533
31695
51581
71358
29335
68357
14125
65496
34401
43515
70647
15809
65131
23291
92768
27493
75279
93775
28160
6521
41099
29480
51113
44846
57729
68620
28715
40086
50375
12102
2150
32259
43797
70082
3617
89483
38438
17741
54978
89190
61255
41976
4999
42737
65266
97766
70229
56897
91540
14741
63417
48990
44220
30882
10187
1948
99501
38901
42033
66227
67355
44182
98486
11151
30615
2102
16985
85404
36194
88314
74593
97448
30289
95943
56536
95555
10060
26764
68803
17952
57856
32219
66941
2075
79452
93480
20374
78952
32380
62406
45179
16086
22939
60016
43588
69905
62117
60572
55308
98310
65237
29901
12109
95526
42195
68644
7432
52255
11759
76234
70206
69615
24804
53498
88041
4256
46977
8415
99559
95709
87172
61089
11794
26463
21104
71734
96367
99572
48657
51675
97881
13894
97927
26341
25771
40121
94984
33202
8727
23095
25787
78932
92709
66942
48782
97101
87549
12110
5515
87108
7818
9039
48196
35964
51853
85652
7697
48219
85223
56353
16245
99456
86598
14171
25796
12368
70644
37132
61921
79370
60226
87707
74654
69286
71001
23435
66386
58549
35544
88253
45656
59714
13643
10204
95677
65495
12207
19725
30065
97429
92429
46310
96884
79027
76832
39032
7746
47475
76163
69667
43197
52740
73725
17850
22025
44725
57636
4762
3274
93179
93014
65281
69244
23008
91836
81272
88502
4042
996
34919
1471
9777
81228
14706
5155
74411
53737
12900
38238
46251
82566
81434
98990
72643
15635
37366
17367
73270
42128
36992
82800
51493
2273
68396
74501
10460
49667
79354
14502
50663
14272
32324
76791
11851
63381
81945
86262
33470
94844
24499
79720
93762
22284
95062
66404
54270
32427
83770
43891
74554
37114
43042
26047
39386
11437
16899
66197
61104
96252
80698
28118
10524
13021
4908
22374
92754
86852
24987
26223
98047
65837
5942
91808
88120
1003
58211
58741
49782
58333
2631
24335
95446
45673
66733
51183
57109
83631
17379
18212
79883
98077
46329
6758
27449
51236
45483
20202
54439
70470
46424
52486
36306
68718
44293
40778
86072
18856
99518
35853
77188
2149
76540
72633
47821
43272
40167
4929
43255
57545
39493
23137
71973
85821
46246
15774
53409
91728
52327
24199
62197
15103
76684
98503
83820
37329
39280
86243
56184
55149
38448
49723
57297
14987
38707
5117
74610
78873
26398
17864
52769
65890
57352
41094
68062
3597
56867
37822
95325
9193
62021
73873
24295
55056
88727
24466
8736
44358
10709
64919
99507
49156
30993
56803
80494
69699
78272
55103
64923
21021
89319
17692
3262
46670
58785
71323
50267
32003
25497
61943
41195
3869
52167
81842
58924
40894
6307
67660
1603
33367
48930
1109
98874
79923
74264
79367
65973
68887
50822
30896
89907
40140
64939
93168
86809
23723
80842
53427
72077
6338
31721
13271
10206
83888
11464
85482
41133
17771
69493
42735
67489
18422
43844
66363
14696
34459
62081
97021
3345
12902
44268
93251
69393
9206
2770
72554
49280
83611
25980
21356
89949
74053
34626
154
57940
62442
85635
99072
96564
71479
41806
64052
89901
2001
46766
20948
52811
8847
34320
56155
38100
78587
65757
23845
87792
68526
96398
37071
52137
38729
58426
58437
12781
9404
58590
70720
71845
60577
86143
84760
32055
44301
48811
38307
62653
11929
75607
15464
37127
9926
87970
91578
88513
70079
15422
92656
54956
28171
29727
7092
66900
4504
65528
79680
13907
40470
66752
2103
17398
69246
86862
65804
29898
52025
20463
92551
63953
96069
24366
1079
22346
28687
92656
27210
98765
24430
19866
53721
52600
49592
77164
35851
54095
59044
31883
84354
15865
98634
2808
49614
84231
6022
15417
14129
74398
52231
23031
38350
64651
47396
55780
86997
92434
64787
14206
91199
89216
34071
61271
58168
14
38434
94018
70461
13829
25900
71166
29693
40885
90325
79306
25116
96346
11075
55596
70743
63305
78626
25444
27956
42373
97575
31304
34806
62362
61861
42356
67929
95932
19978
26096
12297
58412
20114
99109
88592
62365
70274
34637
3250
60599
13942
44717
73296
41368
312
44039
21025
95289
85834
65332
54013
83409
96635
5170
62122
58495
47526
30050
70778
67503
56146
99427
42266
92611
98535
47210
54975
68809
81846
58224
45759
12139
2940
19054
53507
19603
79444
90883
31243
65278
56214
85255
65038
52848
6777
27159
27694
70654
57208
14824
54508
29705
14250
96774
22315
12784
60335
77290
97944
42180
51865
43702
54318
71157
79108
24176
7111
58551
15058
38354
40180
71271
39960
5217
40470
46736
48727
84516
17389
5935
99339
71897
51991
29940
85022
74306
42723
45356
67947
57019
87535
36163
17072
41852
7319
96179
82380
14430
71082
97437
69135
11261
68708
9094
32830
25529
55830
81556
10044
89570
3842
25734
61466
55833
55673
62839
46490
14748
8194
30788
71766
95728
66950
5189
53932
74269
1368
52663
5050
72449
50099
74184
61
35158
99629
49242
60687
71810
30798
87082
61380
50991
12816
39197
23175
68488
2036
86016
83235
10229
16803
71352
22309
83753
76541
92592
58021
77908
45254
79422
66708
11704
69957
83120
46862
69585
32362
23900
41395
79511
10981
19126
46853
23796
58322
70028
92284
76709
72395
91870
3290
89198
63222
41950
72950
39762
50893
47322
34021
96146
26743
17080
24201
13051
199
71062
82635
32560
94961
40381
28422
22294
59506
75275
46089
34180
61654
54724
27240
34048
46594
30529
23245
9815
72478
12546
65928
23370
76219
16300
35867
19313
33379
60068
32363
33577
47481
14998
82489
58794
71730
27262
81087
31236
2536
43527
81767
80541
98251
9006
14589
61196
39535
54185
87362
28364
83083
53289
68086
59301
69588
3952
78614
19318
80371
27328
52894
27852
58677
51734
2997
30407
78996
435
77994
97883
43961
59760
78424
58563
85117
9364
19758
41003
63548
7119
85719
62982
76759
53804
22283
62698
57755
17248
82015
54478
44575
51261
98681
3252
19346
1677
50010
98341
2111
28003
12576
62423
4114
90999
20986
5582
362
40743
46585
80261
64214
48655
43243
57324
2458
81877
20022
76564
15476
18388
31041
60050
69648
29721
79653
88994
31397
46014
3686
49859
74016
16261
28634
94481
23611
49619
63
40324
6713
62999
20585
87278
11653
80179
44602
30462
78407
64623
7025
93882
99362
38066
70283
69010
67786
49936
74355
15535
12301
94392
81745
86317
27005
10378
97149
50615
76348
13563
7291
83061
92913
44227
70338
4565
24405
31291
35026
2811
12265
58403
13044
11627
96468
83326
96988
64253
49613
71342
96139
61914
65733
77884
64582
9089
4613
61730
59704
80961
75293
66994
80373
68205
11220
67062
89122
51976
98353
40499
71138
10617
98901
84181
22243
11720
67506
19230
92325
17119
6923
88463
95384
89008
82698
59965
98096
87311
21694
74151
84623
13338
57496
64995
97895
68715
32056
3368
37042
46760
43866
24531
57377
59119
8711
95971
87190
92569
31553
79514
26039
54827
67977
21422
43834
67026
81386
58282
54336
19431
32432
55310
32769
89928
20304
30663
74994
68712
34030
28388
15471
94247
52918
89199
69717
61629
1522
56907
70549
49426
52772
12939
4252
20748
34360
64438
87774
32097
22719
58461
51527
71502
13771
84295
61429
50426
31309
52775
19137
81690
81162
50960
92289
34079
40158
78357
12059
58031
51615
98959
7456
4387
11897
28060
41486
46256
92497
45611
94704
31567
20424
46231
3068
34194
46877
80849
971
94538
33623
20108
76227
31136
87419
84867
81566
27576
63224
93625
1959
31190
8935
9414
35576
20832
37473
93414
83439
46321
39024
78143
77887
59447
24373
97307
9992
87601
78155
27315
82138
11777
47422
58365
42912
34840
59583
40829
78767
39158
34453
97077
70348
59740
22843
22275
80571
76667
15688
64009
22988
71064
58503
17226
46862
99227
14532
73206
86828
92686
520
68965
20814
64293
43681
80077
15484
3264
20906
10602
42421
71710
7679
12768
31449
30521
35043
12019
7187
67082
92380
46526
54497
50882
63752
17711
50109
78283
90916
36936
87321
91435
22252
8134
72079
65933
88211
87562
69196
9116
98163
11616
80825
22193
40736
12274
52713
92130
40644
76252
75563
33023
22777
30060
257
86528
47770
66717
81163
38685
20004
68483
46471
42255
76616
34901
8187
81178
22462
93734
90293
36976
5350
87470
59169
62437
16095
28233
54566
56738
4484
30128
6113
27261
76539
22721
30140
24308
89437
11302
79344
9440
96136
42166
68046
89104
77066
92585
70281
15879
86318
76926
52855
8019
64395
12023
86807
80489
40255
41372
53578
61091
87852
59690
88351
64390
82410
34842
88698
71846
62496
84393
97637
58631
26559
82035
47734
19976
74619
34367
35855
77288
11292
88709
1659
92038
17083
88465
72526
73689
29837
26103
34779
34040
2145
39481
98429
84554
74323
3478
72752
36818
87871
86740
11800
30781
68774
75886
50756
59744
10252
2962
53384
37895
91670
55042
29932
25104
43506
18809
15145
89694
61263
49923
40085
63407
5756
38514
64313
80078
41991
37064
33247
46213
40155
61398
76993
8929
37283
44101
85024
63886
47062
38407
18132
55084
9800
64415
80187
69658
83223
95331
59351
44486
61606
99436
24244
67361
54301
88556
63790
12643
41971
97036
58856
82126
74785
35848
7406
12068
96300
92429
92305
43362
47188
10437
98445
56987
74851
94983
26644
74426
90314
2347
35263
68271
18134
75858
35631
72434
64414
15772
85076
22736
29159
60283
4861
3943
12483
28618
32362
8782
37399
24667
52143
84586
51455
50587
57924
42657
45570
84568
17082
52235
3266
68696
36857
21399
44554
72487
10184
25319
4610
11611
48054
33768
71894
69267
37710
84376
97884
70072
93157
51634
11090
61652
36219
62544
28590
10495
5200
90511
11414
38634
59097
14679
23681
95953
52429
68234
68439
78964
93552
89400
90574
57958
23167
62467
27224
60877
63194
41459
47300
72703
93093
58389
34354
45663
37284
79295
56157
58835
69806
67570
13820
28902
98600
37501
24855
51028
5734
9645
29991
15638
99045
36917
73595
22211
15735
818
99439
78929
58628
63090
67983
51720
37830
18688
13735
75113
97982
69891
50300
67787
53813
64119
13041
68764
1619
54247
36144
23705
63891
66134
39342
79287
19402
12936
17850
35137
30105
17288
30417
88732
96730
14751
56804
34559
33438
70538
9672
31419
56780
59971
15558
26944
40441
44950
95708
58412
99196
31851
82116
63086
14336
37809
58725
33738
50744
76574
85226
97200
10213
31994
85931
6942
46744
59086
41501
80181
29623
51172
27951
2755
27494
59860
29698
84286
4809
25405
42697
4004
57255
41164
83442
71591
78972
42166
21680
29715
18739
6905
43266
28951
55250
29197
35893
1993
4634
93745
98525
34257
61268
26475
37011
88761
2687
83060
89398
7495
8465
32095
27851
82071
73258
11292
53661
68582
69809
91692
98296
4899
14948
57914
50201
70197
3462
2445
72189
8095
96189
70713
42351
57456
13540
95713
62568
16226
78773
51966
40072
3589
412
84274
85659
90021
95565
55672
58602
81725
47363
73250
86623
62311
31163
53176
32507
34624
55620
21048
42718
51809
8112
1421
25616
21651
13485
88184
54228
92257
56501
10652
12197
73264
94925
97856
63284
6842
53527
21886
88566
17241
95135
91541
79551
42649
61068
28410
77272
16687
49457
36341
84847
57568
54113
10463
95571
67598
14998
66150
76206
87850
76801
88403
61113
71726
86258
24396
94919
56136
62633
99836
73376
74119
91376
69279
16767
52443
97688
10390
85482
63496
63083
70328
21063
17195
97142
32985
84792
28491
99135
77350
16340
75935
65752
77452
64012
68361
18200
58930
24496
80832
58766
14223
54951
66493
83501
88069
35288
81188
98459
20769
44683
77893
7448
82098
95087
20942
31434
96231
49432
30568
73580
65772
22855
39331
59575
3218
24043
77774
62148
48538
58606
37265
62760
29908
20109
62613
17976
55396
60152
32786
92516
21187
10678
16316
3284
22117
37257
51069
18347
86688
81637
8278
68811
20843
63960
28386
24060
88002
6159
2559
52891
81116
39823
32002
11023
59932
94614
45351
31679
54766
78136
40547
75952
5166
56862
95587
43634
10470
46655
78332
13509
44643
86609
82320
65485
50568
10705
89545
38569
33215
92103
7811
14331
48278
39812
25353
24561
34426
70703
56239
5543
65191
13137
81494
70356
86350
93432
30341
96819
40086
8672
26680
1081
95280
8999
66565
62199
36055
72461
17119
69269
64564
24929
99951
12841
64740
25304
37401
99165
12358
9991
4707
77548
39480
2552
64255
25829
95983
94595
39000
52421
3266
82031
53501
98545
91029
20065
77095
43435
92526
94213
29055
73441
19141
29006
2633
83881
54309
56385
99397
83018
82727
20456
60566
22206
23007
41172
64387
35342
35767
19738
87762
39032
1768
57614
53929
9148
94030
31023
52582
2907
25236
81636
76347
60728
10641
78979
44608
81301
51715
44005
80671
34442
80812
41236
56647
20170
82407
37385
55511
34525
57122
59624
89909
58889
33589
43837
68036
27619
91211
36969
30525
32798
34957
23224
93526
61949
2202
54485
43250
53917
14841
23920
4710
95652
81507
77708
15822
80265
15093
87684
14790
72214
47308
4698
47455
80896
64886
31842
24866
72448
85163
55391
21598
20119
78614
31475
82067
97167
85959
41668
67435
17152
81939
72144
12803
63445
49852
44976
60062
81296
32660
91203
69861
96319
95900
33667
93566
77137
65509
18432
65936
50671
73822
3885
70789
68787
35359
69207
82305
37670
10875
49740
54821
92813
38235
67623
56258
4438
28951
32671
85733
61610
23873
55594
57928
36124
89260
51493
29612
71120
69924
95547
38142
60097
15784
25282
45235
51142
94489
27540
5163
5363
93631
59983
98175
31865
43958
70784
36303
72908
3454
22035
34517
43678
93980
8796
79801
83240
60288
9412
70711
46564
21311
8853
23012
37094
34134
68247
4587
44974
12138
9750
50336
5768
86084
64863
37632
30041
51998
90286
19300
55452
12321
53816
15481
22652
78963
95282
22243
39251
21045
92954
2166
42355
18158
25177
95800
68643
9775
387
13617
21912
26488
80304
44031
12571
45166
81663
58964
97164
71948
78263
68967
620
48431
84447
23272
27393
96080
45514
82995
17125
54819
85160
75831
72976
26689
71631
41619
52815
88369
71587
91079
14856
51890
35109
43778
13408
33123
2741
10571
21423
81004
95889
22042
29434
96687
61665
56826
92767
23531
56173
9891
78349
41332
85721
67677
84372
73703
25647
37187
62071
97233
28265
93278
65474
79725
53408
78881
12848
56148
5803
34270
53503
1691
72663
99288
98378
50680
72466
91144
74210
28638
17386
68910
86321
19458
52938
70693
93161
78584
7879
71583
92168
52495
81213
57642
48571
34620
36522
61418
7119
42325
12039
76974
44015
1054
76261
58744
51733
48726
66239
42294
93715
83624
27555
80036
19434
96845
50728
12594
75428
74958
528
83948
43804
81740
41589
92374
32711
94462
70144
39830
36786
98534
16803
97153
99587
9415
72248
67671
74493
38487
26316
68207
38462
70223
48242
74247
67067
15321
86840
58846
90278
3720
42793
34081
85459
733
42807
18170
95195
12950
74351
48332
11483
91153
61836
27422
16919
34084
11444
91411
88922
37760
59618
43735
24334
7859
17982
91400
39532
21173
66597
29809
24892
25742
80242
26703
26474
39400
44872
38020
52349
35574
2704
80183
43078
64539
23956
59996
14974
35400
51407
3895
89511
11024
63982
30196
35234
81963
37947
74765
3135
4543
20926
44379
30284
17519
71081
73110
56918
32304
27481
25618
67877
30184
22152
10954
11075
46108
87301
26048
97859
38707
46295
3721
66082
10276
33916
1316
8590
71862
92432
28076
76404
29709
72454
23040
47227
43534
12501
20496
92189
39981
46113
76417
86517
84617
87370
97591
30724
91023
39990
44934
29729
86284
48654
95811
12911
82569
13478
21500
70782
22261
49576
63537
51970
38381
86576
15548
98267
15428
52396
90455
71761
14860
66872
58277
99476
70593
72219
46551
61615
12208
91484
7696
14844
40137
3506
44106
39057
33335
65606
9838
55595
31533
73375
23916
86265
76302
39464
84531
91730
91859
91338
79842
23070
58209
38118
22546
45153
10336
69096
6768
38895
60580
30815
53738
17068
50672
97844
72477
84006
79801
98666
55952
27685
88392
79868
13949
64694
35683
14832
72775
43893
6169
52616
66962
80729
7085
89507
25881
17420
74955
49000
72666
51886
79814
26404
68953
30485
40599
57781
30842
36751
56447
86794
64435
44838
66661
94735
25883
18695
25918
98657
62587
32086
67624
29548
12814
74708
35407
55047
8479
10361
4046
81145
78598
212
23900
47550
47048
80850
21683
77890
17600
78129
64683
82034
22966
47695
93120
48849
82741
19038
63857
45327
67475
47833
91226
96641
38892
42984
51687
47371
69696
72084
44867
48293
88647
85118
12195
35695
65967
33877
13584
83566
12005
94618
81951
51322
58664
91422
170
41404
10459
80379
3082
94286
28211
10659
90926
67102
53643
42612
30824
23338
14695
92042
87983
3342
77159
177
55388
59477
50405
85323
59394
62409
96292
57696
13730
71307
49118
30252
12710
75928
26982
32143
70213
71544
42801
61138
38645
12795
20101
85821
52485
34796
94214
40467
54489
71373
56995
26228
47201
7399
11550
6595
69807
7841
64290
99888
79147
29759
46491
8208
5687
89824
56702
92251
61367
99502
69741
16364
28649
89841
18536
81133
40988
12749
21599
11828
473
78593
38055
47674
2343
49604
70620
72149
73796
51261
88388
69294
81020
51231
77501
3058
41054
34202
11660
18773
50056
81400
35136
78704
71241
53671
76188
12228
66419
14138
24056
66892
9082
78462
30917
11424
28066
1536
99924
18213
52796
4663
87507
50167
55893
81359
53224
13299
31913
64884
32071
98320
46283
83558
93375
33875
53580
69562
46103
36350
83699
86510
19593
92780
64971
50509
20555
9388
68396
20478
27601
21192
25140
31459
71358
81033
12817
40934
10683
44729
22169
59105
59400
68451
42662
52774
18678
12593
22335
64780
48942
22385
67641
68535
31516
32611
35395
52070
41999
3791
72547
85951
41334
97687
17409
29043
95071
30225
86328
5753
91306
8496
64857
50705
93299
23870
19831
11976
36462
42165
76755
1755
80902
44395
86641
12417
93357
22036
64487
35355
42178
37033
37657
99863
51071
55065
28905
46141
1642
15233
68245
9299
40080
49453
76355
33378
89674
96185
45353
42487
54702
38459
44242
35603
99205
47234
64371
92562
69269
28857
44268
27798
82242
81925
27660
49664
53341
72917
12157
54982
4501
96753
64280
44580
46206
56987
77958
52231
53171
39662
94718
24224
78121
55311
59826
77325
2544
40549
69886
88165
69405
30506
15962
67998
12430
59974
17662
65770
49242
46170
37104
70094
42922
17735
14673
89127
74721
8982
57710
44244
64996
68779
68467
43116
24089
44645
20440
42984
85193
6678
31148
70949
53535
63462
55299
65964
39787
89312
48085
89028
35481
1540
59121
78402
19275
90145
83881
10347
15479
41590
54590
80474
10368
39409
23589
50808
84053
60380
93791
85597
83409
41291
56545
36943
4752
11843
19258
44538
17506
83695
49917
52986
85234
25389
47740
4508
15533
31620
14855
31011
89561
85796
27836
16280
25204
51424
67087
25608
28156
77229
11204
27916
18519
84101
81211
39622
12295
468
84159
29801
84162
50427
82786
69396
75815
30525
90255
7700
78496
21461
55062
68056
7257
82898
687
48812
50673
67773
74420
95180
61354
85623
23096
79872
86075
4306
19494
98370
21125
20004
28170
5287
86783
10955
91034
62597
57832
97640
86648
36327
19101
41710
20735
42709
24607
21421
91520
91631
5546
82291
86811
66899
84266
9906
63122
70340
30563
98967
68709
68039
35323
96878
73325
22105
24185
80710
84701
82016
78350
87701
34694
97450
29410
55428
40158
70368
93201
48029
61998
15098
30320
48808
98348
14585
75065
61469
84924
21979
76788
53633
90018
12110
50510
79694
34214
74694
60404
35266
73061
55105
22966
7755
68906
68727
79534
25415
39094
89086
73443
1092
4183
20114
66251
18882
34698
57668
96703
35974
79646
73490
89606
86015
85599
56467
65709
19812
47513
42464
71429
20573
13920
94395
44679
82825
63121
40565
8239
18567
29650
81681
36010
50185
1795
2260
85418
52844
76279
82120
88817
55925
55609
94774
58291
57559
51241
40351
93722
15105
82814
65151
52029
96733
75897
96708
95909
55369
53624
4147
73935
99625
2180
9944
49809
20326
28556
35227
73169
4834
33698
78338
77110
89307
73111
35401
46865
40703
75751
40587
55807
74917
22089
7836
88001
97985
20895
83910
53353
90870
88056
43640
90494
90235
69935
56655
26912
98490
91881
16433
19676
41930
94770
96785
31236
84232
32185
94453
24935
24288
51391
97093
99204
73479
21280
3556
87815
58526
87465
41167
49395
75521
1158
39889
82107
71093
96543
9019
85934
4775
25451
5609
46704
36572
2394
94292
20803
50930
88744
62089
91569
56486
75534
7124
29964
96813
10680
17778
71691
98144
75296
37437
73664
92806
77325
72123
63898
90219
81141
49831
11345
22943
71792
58049
59514
74185
68692
96668
41466
73787
58757
33035
30272
50642
56510
60235
63806
67189
94364
35496
65333
86011
72933
55348
78816
66609
27470
42713
56828
24962
8896
68172
64256
97039
42572
40121
87575
11263
36789
29040
1401
11897
78426
31672
78890
34936
8258
42695
2124
2621
78191
83808
88632
67475
55508
83799
34083
99329
26512
7262
40643
51759
91786
4898
65149
34357
61371
52723
61972
14511
81762
63372
42759
76540
11396
21648
11475
19653
64342
29950
22274
58884
30110
27257
26358
85617
11055
76793
84945
53918
406
41939
22028
92191
46837
87176
42900
24559
39898
21223
39069
38012
946
81827
14551
12341
3474
42377
31994
84167
72326
70619
43051
18787
14227
85760
4403
25281
78904
5700
95551
79310
47638
17578
87852
10826
21106
30751
51736
77355
68325
90804
15366
69271
72630
46268
81611
92455
88644
29956
76622
77322
574
36024
96108
14800
21783
511
56433
687
22562
68335
96348
86551
85912
84199
13729
23369
14950
65464
724
99626
56268
16089
68896
45249
78709
66859
54056
67352
96814
47029
44673
13740
83052
40781
44891
4834
57643
17675
21872
96556
86009
18219
83106
88273
2418
96834
11641
33719
78650
12364
33344
51269
44805
18592
96517
39865
85450
66924
7216
98615
13952
68241
28706
97003
9021
89949
18189
83015
7623
40060
79570
9984
74631
79027
98256
93400
92213
9896
27118
70862
